[0] 72 
[1] 84 
[2] 121 
[3] 343 
[4] 471 
[5] 568 
[6] 854 
[7] 988 
[8] 1105 
[9] 1309 
[10] 1316 
[11] 1442 
[12] 1548 
[13] 1551 
[14] 1637 
[15] 1702 
[16] 1740 
[17] 1745 
[18] 1752 
[19] 1778 
[20] 1785 
[21] 1790 
[22] 1928 
[23] 1965 
[24] 2047 
[25] 2172 
[26] 2580 
[27] 3292 
[28] 3419 
[29] 3466 
[30] 3576 
[31] 3623 
[32] 3812 
[33] 3884 
[34] 3899 
[35] 3922 
[36] 3970 
[37] 4059 
[38] 4078 
[39] 4113 
[40] 4135 
[41] 4314 
[42] 4395 
[43] 4427 
[44] 4448 
[45] 4539 
[46] 4545 
[47] 4676 
[48] 4762 
[49] 4892 
[50] 5019 
[51] 5059 
[52] 5137 
[53] 5210 
[54] 5221 
[55] 5260 
[56] 5557 
[57] 5607 
[58] 5693 
[59] 5723 
[60] 5814 
[61] 5950 
[62] 5972 
[63] 6045 
[64] 6080 
[65] 6136 
[66] 6153 
[67] 6207 
[68] 6412 
[69] 6450 
[70] 6452 
[71] 6501 
[72] 6575 
[73] 6627 
[74] 6955 
[75] 6965 
[76] 7170 
[77] 7217 
[78] 7272 
[79] 7401 
[80] 7408 
[81] 7563 
[82] 7601 
[83] 7642 
[84] 7785 
[85] 7844 
[86] 7866 
[87] 7892 
[88] 7990 
[89] 8045 
[90] 8367 
[91] 8400 
[92] 8420 
[93] 8494 
[94] 8582 
[95] 8595 
[96] 8750 
[97] 8756 
[98] 8914 
[99] 8928 
[100] 9023 
[101] 9109 
[102] 9113 
[103] 9124 
[104] 9192 
[105] 9230 
[106] 9262 
[107] 9306 
[108] 9383 
[109] 9446 
[110] 9572 
[111] 9598 
[112] 9653 
[113] 9683 
[114] 9866 
[115] 9908 
[116] 9918 
[117] 10198 
[118] 10267 
[119] 10352 
[120] 10494 
[121] 10500 
[122] 10545 
[123] 10608 
[124] 10767 
[125] 10779 
[126] 10797 
[127] 11001 
[128] 11063 
[129] 11135 
[130] 11140 
[131] 11261 
[132] 11696 
[133] 11767 
[134] 11979 
[135] 12175 
[136] 12217 
[137] 12295 
[138] 12332 
[139] 12420 
[140] 12739 
[141] 12808 
[142] 12917 
[143] 13158 
[144] 13361 
[145] 13489 
[146] 13550 
[147] 13615 
[148] 13719 
[149] 13779 
[150] 13961 
[151] 13977 
[152] 14036 
[153] 14122 
[154] 14396 
[155] 14611 
[156] 14668 
[157] 14689 
[158] 14690 
[159] 14849 
[160] 14886 
[161] 14990 
[162] 15075 
[163] 15094 
[164] 15250 
[165] 15349 
[166] 15378 
[167] 15484 
[168] 15567 
[169] 15572 
[170] 15758 
[171] 15974 
[172] 16013 
[173] 16029 
[174] 16125 
[175] 16203 
[176] 16249 
[177] 16359 
[178] 16511 
[179] 16592 
[180] 16640 
[181] 16691 
[182] 16891 
[183] 17007 
[184] 17023 
[185] 17070 
[186] 17251 
[187] 17335 
[188] 17387 
[189] 17447 
[190] 17521 
[191] 17613 
[192] 17614 
[193] 17755 
[194] 17909 
[195] 17954 
[196] 17955 
[197] 18031 
[198] 18076 
[199] 18093 
[200] 18098 
[201] 18123 
[202] 18159 
[203] 18221 
[204] 18351 
[205] 18452 
[206] 18655 
[207] 18690 
[208] 18747 
[209] 18771 
[210] 18815 
[211] 18856 
[212] 18983 
[213] 19018 
[214] 19027 
[215] 19112 
[216] 19127 
[217] 19243 
[218] 19403 
[219] 19419 
[220] 19455 
[221] 19666 
[222] 19773 
[223] 19875 
[224] 19876 
[225] 19912 
[226] 20058 
[227] 20107 
[228] 20189 
[229] 20324 
[230] 20454 
[231] 20570 
[232] 20570 
[233] 20873 
[234] 20890 
[235] 20907 
[236] 20912 
[237] 20951 
[238] 20966 
[239] 21150 
[240] 21151 
[241] 21213 
[242] 21482 
[243] 21496 
[244] 21566 
[245] 21569 
[246] 21574 
[247] 21764 
[248] 21974 
[249] 21982 
[250] 22240 
[251] 22244 
[252] 22247 
[253] 22266 
[254] 22318 
[255] 22551 
[256] 22557 
[257] 22714 
[258] 22767 
[259] 22784 
[260] 22849 
[261] 22854 
[262] 22873 
[263] 23114 
[264] 23308 
[265] 23334 
[266] 23390 
[267] 23460 
[268] 23514 
[269] 23530 
[270] 23575 
[271] 23615 
[272] 23625 
[273] 23630 
[274] 23687 
[275] 23690 
[276] 23818 
[277] 24028 
[278] 24081 
[279] 24086 
[280] 24319 
[281] 24366 
[282] 24378 
[283] 24452 
[284] 24589 
[285] 24665 
[286] 25136 
[287] 25168 
[288] 25229 
[289] 25355 
[290] 25395 
[291] 25437 
[292] 25681 
[293] 25692 
[294] 25811 
[295] 25940 
[296] 26066 
[297] 26075 
[298] 26237 
[299] 26265 
[300] 26313 
[301] 26467 
[302] 26653 
[303] 26740 
[304] 26787 
[305] 26835 
[306] 26880 
[307] 26943 
[308] 27127 
[309] 27243 
[310] 27309 
[311] 27476 
[312] 27776 
[313] 27783 
[314] 27808 
[315] 27859 
[316] 27957 
[317] 28061 
[318] 28177 
[319] 28206 
[320] 28246 
[321] 28522 
[322] 28532 
[323] 28665 
[324] 28671 
[325] 28723 
[326] 29101 
[327] 29411 
[328] 29482 
[329] 29508 
[330] 29555 
[331] 29618 
[332] 29632 
[333] 29681 
[334] 29723 
index 15484 = 167 
result : 2445558
[0] 76 
[1] 1068 
[2] 2113 
[3] 2604 
[4] 2619 
[5] 2829 
[6] 2920 
[7] 3142 
[8] 3358 
[9] 3448 
[10] 3709 
[11] 4558 
[12] 6191 
[13] 6411 
[14] 6808 
[15] 7178 
[16] 7555 
[17] 7705 
[18] 7707 
[19] 7756 
[20] 8022 
[21] 8169 
[22] 9027 
[23] 9346 
[24] 9371 
[25] 9411 
[26] 9732 
[27] 10071 
[28] 10129 
[29] 11222 
[30] 12660 
[31] 12935 
[32] 13138 
[33] 13850 
[34] 14507 
[35] 15224 
[36] 15616 
[37] 17133 
[38] 17579 
[39] 17839 
[40] 18654 
[41] 18882 
[42] 19021 
[43] 19240 
[44] 19520 
[45] 19589 
[46] 19917 
[47] 20347 
[48] 20422 
[49] 20874 
[50] 20874 
[51] 21079 
[52] 21318 
[53] 21455 
[54] 21537 
[55] 21689 
[56] 21773 
[57] 22105 
[58] 22115 
[59] 22146 
[60] 23106 
[61] 23748 
[62] 23793 
[63] 23931 
[64] 24287 
[65] 25314 
[66] 25606 
[67] 25846 
[68] 26120 
[69] 26420 
[70] 26423 
[71] 26920 
[72] 27291 
[73] 27960 
[74] 28365 
[75] 28652 
[76] 28796 
[77] 29357 
index 17839 = 39 
result : 585434
[0] 39 
[1] 60 
[2] 126 
[3] 480 
[4] 592 
[5] 713 
[6] 723 
[7] 946 
[8] 971 
[9] 1098 
[10] 1288 
[11] 1432 
[12] 1668 
[13] 1884 
[14] 1948 
[15] 1968 
[16] 2289 
[17] 2509 
[18] 2548 
[19] 2564 
[20] 2583 
[21] 2661 
[22] 2665 
[23] 2858 
[24] 2892 
[25] 2970 
[26] 2986 
[27] 3104 
[28] 3189 
[29] 3252 
[30] 3631 
[31] 3677 
[32] 3784 
[33] 3829 
[34] 3937 
[35] 3952 
[36] 4145 
[37] 4188 
[38] 4542 
[39] 4654 
[40] 4723 
[41] 4851 
[42] 5096 
[43] 5248 
[44] 5347 
[45] 5464 
[46] 5531 
[47] 5621 
[48] 5677 
[49] 5713 
[50] 5732 
[51] 5990 
[52] 6054 
[53] 6144 
[54] 6222 
[55] 6359 
[56] 6399 
[57] 6583 
[58] 6598 
[59] 6688 
[60] 6726 
[61] 6801 
[62] 6991 
[63] 7018 
[64] 7212 
[65] 7259 
[66] 7314 
[67] 7325 
[68] 7376 
[69] 7484 
[70] 7650 
[71] 7696 
[72] 7711 
[73] 7718 
[74] 7760 
[75] 7886 
[76] 8178 
[77] 8348 
[78] 8411 
[79] 8453 
[80] 8531 
[81] 8536 
[82] 8590 
[83] 8882 
[84] 9178 
[85] 9184 
[86] 9246 
[87] 9268 
[88] 9431 
[89] 9570 
[90] 9867 
[91] 9971 
[92] 10135 
[93] 10153 
[94] 10456 
[95] 10567 
[96] 10634 
[97] 10649 
[98] 10892 
[99] 11253 
[100] 11267 
[101] 11305 
[102] 11318 
[103] 11468 
[104] 11542 
[105] 11670 
[106] 11732 
[107] 11800 
[108] 11863 
[109] 11879 
[110] 12069 
[111] 12078 
[112] 12080 
[113] 12266 
[114] 12318 
[115] 12624 
[116] 12837 
[117] 13130 
[118] 13517 
[119] 13628 
[120] 13632 
[121] 13651 
[122] 13723 
[123] 13853 
[124] 13957 
[125] 14159 
[126] 14206 
[127] 14323 
[128] 14327 
[129] 14485 
[130] 14664 
[131] 14744 
[132] 14796 
[133] 14914 
[134] 15035 
[135] 15132 
[136] 15293 
[137] 15415 
[138] 15515 
[139] 15678 
[140] 15699 
[141] 15701 
[142] 15825 
[143] 15830 
[144] 15886 
[145] 16062 
[146] 16128 
[147] 16139 
[148] 16186 
[149] 16283 
[150] 16361 
[151] 16377 
[152] 16454 
[153] 16718 
[154] 16814 
[155] 16839 
[156] 16884 
[157] 16927 
[158] 16927 
[159] 16985 
[160] 17198 
[161] 17202 
[162] 17215 
[163] 17433 
[164] 17578 
[165] 17590 
[166] 17892 
[167] 18163 
[168] 18235 
[169] 18271 
[170] 18404 
[171] 18413 
[172] 18533 
[173] 18535 
[174] 18618 
[175] 18628 
[176] 18636 
[177] 18694 
[178] 18807 
[179] 18947 
[180] 19141 
[181] 19157 
[182] 19198 
[183] 19335 
[184] 19406 
[185] 19717 
[186] 19893 
[187] 19910 
[188] 19950 
[189] 20005 
[190] 20051 
[191] 20361 
[192] 20477 
[193] 20618 
[194] 20723 
[195] 20807 
[196] 21051 
[197] 21226 
[198] 21262 
[199] 21371 
[200] 21786 
[201] 21800 
[202] 22300 
[203] 22372 
[204] 22450 
[205] 22451 
[206] 22467 
[207] 22524 
[208] 22607 
[209] 22726 
[210] 22740 
[211] 22836 
[212] 22977 
[213] 23052 
[214] 23108 
[215] 23163 
[216] 23250 
[217] 23267 
[218] 23267 
[219] 23377 
[220] 23879 
[221] 24000 
[222] 24009 
[223] 24334 
[224] 24370 
[225] 24547 
[226] 24548 
[227] 24591 
[228] 24600 
[229] 24844 
[230] 24876 
[231] 24998 
[232] 25182 
[233] 25222 
[234] 25428 
[235] 25430 
[236] 25496 
[237] 25587 
[238] 25623 
[239] 25889 
[240] 25980 
[241] 26077 
[242] 26133 
[243] 26155 
[244] 26288 
[245] 26322 
[246] 26382 
[247] 26406 
[248] 26421 
[249] 26492 
[250] 26553 
[251] 26577 
[252] 26624 
[253] 26626 
[254] 26655 
[255] 26716 
[256] 26736 
[257] 26815 
[258] 26839 
[259] 27016 
[260] 27406 
[261] 27578 
[262] 27745 
[263] 27777 
[264] 27820 
[265] 27935 
[266] 28098 
[267] 28115 
[268] 28185 
[269] 28417 
[270] 28518 
[271] 28679 
[272] 28784 
[273] 28847 
[274] 28938 
[275] 29062 
[276] 29166 
[277] 29198 
[278] 29240 
[279] 29333 
[280] 29435 
[281] 29522 
[282] 29570 
[283] 29663 
[284] 29998 
index 15825 = 142 
result : 2122278
[0] 67 
[1] 258 
[2] 291 
[3] 383 
[4] 414 
[5] 425 
[6] 476 
[7] 658 
[8] 731 
[9] 734 
[10] 910 
[11] 911 
[12] 1023 
[13] 1121 
[14] 1312 
[15] 1394 
[16] 1456 
[17] 1564 
[18] 1597 
[19] 1839 
[20] 1855 
[21] 1976 
[22] 2011 
[23] 2362 
[24] 2422 
[25] 2487 
[26] 2559 
[27] 2569 
[28] 2591 
[29] 2599 
[30] 2783 
[31] 2787 
[32] 2833 
[33] 2835 
[34] 3045 
[35] 3063 
[36] 3232 
[37] 3431 
[38] 3465 
[39] 3467 
[40] 3531 
[41] 3575 
[42] 3628 
[43] 3662 
[44] 3835 
[45] 3894 
[46] 3998 
[47] 4121 
[48] 4207 
[49] 4253 
[50] 4385 
[51] 4409 
[52] 4420 
[53] 4425 
[54] 4506 
[55] 4681 
[56] 4959 
[57] 4998 
[58] 5023 
[59] 5186 
[60] 5583 
[61] 5589 
[62] 5618 
[63] 5636 
[64] 5694 
[65] 5747 
[66] 5817 
[67] 5845 
[68] 6045 
[69] 6138 
[70] 6171 
[71] 6316 
[72] 6402 
[73] 6417 
[74] 6535 
[75] 6894 
[76] 7066 
[77] 7076 
[78] 7086 
[79] 7159 
[80] 7282 
[81] 7308 
[82] 7341 
[83] 7482 
[84] 7503 
[85] 7504 
[86] 7510 
[87] 7513 
[88] 7541 
[89] 7558 
[90] 7645 
[91] 7700 
[92] 7760 
[93] 7776 
[94] 7794 
[95] 8052 
[96] 8145 
[97] 8212 
[98] 8546 
[99] 8587 
[100] 8724 
[101] 8858 
[102] 8915 
[103] 9020 
[104] 9089 
[105] 9100 
[106] 9118 
[107] 9154 
[108] 9170 
[109] 9205 
[110] 9272 
[111] 9358 
[112] 9455 
[113] 9479 
[114] 9490 
[115] 9574 
[116] 9604 
[117] 9677 
[118] 9874 
[119] 9978 
[120] 10034 
[121] 10188 
[122] 10190 
[123] 10233 
[124] 10292 
[125] 10330 
[126] 10359 
[127] 10426 
[128] 10517 
[129] 10569 
[130] 10828 
[131] 10911 
[132] 11008 
[133] 11254 
[134] 11264 
[135] 11274 
[136] 11364 
[137] 11384 
[138] 11489 
[139] 11533 
[140] 11591 
[141] 11610 
[142] 11668 
[143] 11825 
[144] 11830 
[145] 11988 
[146] 12007 
[147] 12130 
[148] 12317 
[149] 12417 
[150] 12517 
[151] 12581 
[152] 12619 
[153] 12665 
[154] 12753 
[155] 12764 
[156] 12783 
[157] 12805 
[158] 12838 
[159] 12908 
[160] 12988 
[161] 12998 
[162] 13081 
[163] 13101 
[164] 13199 
[165] 13322 
[166] 13401 
[167] 13453 
[168] 13622 
[169] 13679 
[170] 13845 
[171] 14006 
[172] 14140 
[173] 14176 
[174] 14256 
[175] 14396 
[176] 14445 
[177] 14455 
[178] 14475 
[179] 14476 
[180] 14500 
[181] 14512 
[182] 14618 
[183] 14636 
[184] 14728 
[185] 14838 
[186] 14942 
[187] 14944 
[188] 14988 
[189] 15325 
[190] 15331 
[191] 15412 
[192] 15488 
[193] 15493 
[194] 15530 
[195] 15546 
[196] 15834 
[197] 15944 
[198] 16031 
[199] 16039 
[200] 16064 
[201] 16109 
[202] 16203 
[203] 16547 
[204] 16590 
[205] 16591 
[206] 16648 
[207] 16781 
[208] 16814 
[209] 17087 
[210] 17203 
[211] 17576 
[212] 18016 
[213] 18072 
[214] 18115 
[215] 18138 
[216] 18294 
[217] 18446 
[218] 18620 
[219] 18779 
[220] 18893 
[221] 18951 
[222] 19020 
[223] 19070 
[224] 19077 
[225] 19129 
[226] 19191 
[227] 19224 
[228] 19239 
[229] 19384 
[230] 19472 
[231] 19612 
[232] 19628 
[233] 19674 
[234] 19778 
[235] 19836 
[236] 19844 
[237] 19879 
[238] 19896 
[239] 19956 
[240] 19994 
[241] 20148 
[242] 20152 
[243] 20395 
[244] 20400 
[245] 20405 
[246] 20414 
[247] 20558 
[248] 20761 
[249] 21060 
[250] 21194 
[251] 21225 
[252] 21323 
[253] 21776 
[254] 21816 
[255] 21906 
[256] 21987 
[257] 22253 
[258] 22335 
[259] 22403 
[260] 22565 
[261] 22707 
[262] 22794 
[263] 22980 
[264] 23011 
[265] 23145 
[266] 23237 
[267] 23268 
[268] 23289 
[269] 23401 
[270] 23417 
[271] 23446 
[272] 23472 
[273] 23495 
[274] 23588 
[275] 23606 
[276] 23711 
[277] 23749 
[278] 23750 
[279] 23843 
[280] 23925 
[281] 24205 
[282] 24277 
[283] 24285 
[284] 24288 
[285] 24385 
[286] 24509 
[287] 24636 
[288] 24657 
[289] 24692 
[290] 24777 
[291] 24835 
[292] 25020 
[293] 25183 
[294] 25670 
[295] 25686 
[296] 25705 
[297] 25706 
[298] 25758 
[299] 25887 
[300] 25896 
[301] 26081 
[302] 26115 
[303] 26131 
[304] 26147 
[305] 26195 
[306] 26226 
[307] 26238 
[308] 26408 
[309] 26445 
[310] 26550 
[311] 26580 
[312] 26599 
[313] 26602 
[314] 26618 
[315] 26659 
[316] 26715 
[317] 26844 
[318] 26856 
[319] 27159 
[320] 27443 
[321] 27499 
[322] 27877 
[323] 28352 
[324] 28358 
[325] 28370 
[326] 28513 
[327] 28585 
[328] 28659 
[329] 28680 
[330] 28702 
[331] 28873 
[332] 29091 
[333] 29121 
[334] 29315 
[335] 29347 
[336] 29462 
[337] 29469 
[338] 29526 
[339] 29530 
[340] 29640 
[341] 29642 
[342] 29696 
[343] 29707 
[344] 29804 
[345] 29806 
index 14176 = 173 
result : 2549763
[0] 169 
[1] 175 
[2] 199 
[3] 262 
[4] 303 
[5] 770 
[6] 864 
[7] 914 
[8] 937 
[9] 1083 
[10] 1530 
[11] 1663 
[12] 1751 
[13] 1828 
[14] 1906 
[15] 2213 
[16] 2230 
[17] 2342 
[18] 2482 
[19] 2534 
[20] 2833 
[21] 2906 
[22] 2983 
[23] 3171 
[24] 3319 
[25] 3515 
[26] 3558 
[27] 3766 
[28] 4081 
[29] 4131 
[30] 4172 
[31] 4207 
[32] 4344 
[33] 4355 
[34] 4531 
[35] 4627 
[36] 4743 
[37] 4764 
[38] 4816 
[39] 4897 
[40] 4924 
[41] 5002 
[42] 5076 
[43] 5124 
[44] 5151 
[45] 5158 
[46] 5253 
[47] 5267 
[48] 5318 
[49] 5358 
[50] 5478 
[51] 5497 
[52] 5543 
[53] 5775 
[54] 5860 
[55] 5931 
[56] 6000 
[57] 6042 
[58] 6081 
[59] 6104 
[60] 6180 
[61] 6183 
[62] 6278 
[63] 6554 
[64] 6794 
[65] 6868 
[66] 7083 
[67] 7227 
[68] 7251 
[69] 7269 
[70] 7324 
[71] 7511 
[72] 7551 
[73] 7594 
[74] 7762 
[75] 7885 
[76] 7942 
[77] 8007 
[78] 8498 
[79] 8570 
[80] 8616 
[81] 8634 
[82] 8844 
[83] 8875 
[84] 8877 
[85] 9145 
[86] 9552 
[87] 9635 
[88] 9725 
[89] 9804 
[90] 9810 
[91] 9945 
[92] 10089 
[93] 10133 
[94] 10360 
[95] 10471 
[96] 10669 
[97] 10934 
[98] 10939 
[99] 11112 
[100] 11494 
[101] 11535 
[102] 11596 
[103] 11638 
[104] 11718 
[105] 11828 
[106] 11987 
[107] 12009 
[108] 12109 
[109] 12179 
[110] 12182 
[111] 12307 
[112] 12376 
[113] 12384 
[114] 12479 
[115] 12523 
[116] 12593 
[117] 12613 
[118] 12706 
[119] 12824 
[120] 12972 
[121] 13140 
[122] 13183 
[123] 13338 
[124] 13572 
[125] 13617 
[126] 13648 
[127] 13659 
[128] 13885 
[129] 13976 
[130] 14170 
[131] 14171 
[132] 14293 
[133] 14334 
[134] 15017 
[135] 15110 
[136] 15347 
[137] 15425 
[138] 15472 
[139] 15540 
[140] 15649 
[141] 15667 
[142] 15740 
[143] 16013 
[144] 16157 
[145] 16393 
[146] 16417 
[147] 16478 
[148] 16623 
[149] 16648 
[150] 16664 
[151] 16899 
[152] 16961 
[153] 17195 
[154] 17221 
[155] 17305 
[156] 17335 
[157] 17517 
[158] 17550 
[159] 17607 
[160] 17639 
[161] 17741 
[162] 17773 
[163] 17997 
[164] 18125 
[165] 18227 
[166] 18266 
[167] 18278 
[168] 18340 
[169] 18405 
[170] 18501 
[171] 18519 
[172] 18736 
[173] 18863 
[174] 18950 
[175] 18960 
[176] 19039 
[177] 19053 
[178] 19054 
[179] 19063 
[180] 19117 
[181] 19179 
[182] 19401 
[183] 19406 
[184] 20212 
[185] 20356 
[186] 20704 
[187] 20709 
[188] 20750 
[189] 20785 
[190] 20825 
[191] 20883 
[192] 21066 
[193] 21071 
[194] 21079 
[195] 21284 
[196] 21284 
[197] 21295 
[198] 21495 
[199] 21641 
[200] 21808 
[201] 21957 
[202] 21990 
[203] 22149 
[204] 22223 
[205] 22279 
[206] 22285 
[207] 22296 
[208] 22382 
[209] 22393 
[210] 22408 
[211] 22464 
[212] 22568 
[213] 22650 
[214] 22735 
[215] 22945 
[216] 23032 
[217] 23138 
[218] 23257 
[219] 24085 
[220] 24164 
[221] 24380 
[222] 24415 
[223] 24477 
[224] 24478 
[225] 24504 
[226] 24586 
[227] 24594 
[228] 24597 
[229] 24697 
[230] 24827 
[231] 25116 
[232] 25318 
[233] 25333 
[234] 25357 
[235] 25420 
[236] 25489 
[237] 25507 
[238] 25590 
[239] 25693 
[240] 25751 
[241] 25773 
[242] 26097 
[243] 26532 
[244] 26586 
[245] 26700 
[246] 26727 
[247] 26747 
[248] 26966 
[249] 27079 
[250] 27126 
[251] 27148 
[252] 27467 
[253] 27664 
[254] 27702 
[255] 28029 
[256] 28045 
[257] 28468 
[258] 28538 
[259] 28721 
[260] 28861 
[261] 28934 
[262] 28941 
[263] 28975 
[264] 29192 
[265] 29224 
[266] 29273 
[267] 29320 
[268] 29453 
[269] 29519 
[270] 29578 
[271] 29682 
[272] 29717 
[273] 29738 
[274] 29739 
[275] 29759 
[276] 29902 
[277] 29998 
index 15540 = 139 
result : 2085182
[0] 844 
[1] 1122 
[2] 2497 
[3] 3237 
[4] 3375 
[5] 3997 
[6] 5664 
[7] 7424 
[8] 8085 
[9] 8905 
[10] 10086 
[11] 10814 
[12] 12533 
[13] 13149 
[14] 13369 
[15] 13671 
[16] 14015 
[17] 14456 
[18] 14577 
[19] 14581 
[20] 14586 
[21] 15259 
[22] 15549 
[23] 15623 
[24] 15696 
[25] 15740 
[26] 16310 
[27] 16963 
[28] 17561 
[29] 17748 
[30] 18594 
[31] 20386 
[32] 21325 
[33] 21522 
[34] 21877 
[35] 21881 
[36] 21949 
[37] 22449 
[38] 23248 
[39] 24237 
[40] 24277 
[41] 24623 
[42] 24748 
[43] 25690 
[44] 25727 
[45] 26712 
[46] 26922 
[47] 27886 
[48] 28537 
[49] 29405 
[50] 29489 
[51] 29737 
[52] 29833 
index 16310 = 26 
result : 354472
[0] 63 
[1] 70 
[2] 239 
[3] 421 
[4] 445 
[5] 503 
[6] 650 
[7] 662 
[8] 701 
[9] 718 
[10] 735 
[11] 911 
[12] 1139 
[13] 1157 
[14] 1188 
[15] 1206 
[16] 1287 
[17] 1328 
[18] 1581 
[19] 1582 
[20] 1719 
[21] 1925 
[22] 2014 
[23] 2115 
[24] 2139 
[25] 2174 
[26] 2216 
[27] 2373 
[28] 2374 
[29] 2418 
[30] 2615 
[31] 2632 
[32] 2733 
[33] 2745 
[34] 2781 
[35] 2991 
[36] 3047 
[37] 3360 
[38] 3376 
[39] 3509 
[40] 3618 
[41] 3729 
[42] 3790 
[43] 3808 
[44] 3812 
[45] 3854 
[46] 3943 
[47] 4061 
[48] 4350 
[49] 4471 
[50] 4482 
[51] 4712 
[52] 4727 
[53] 4734 
[54] 4764 
[55] 4851 
[56] 4886 
[57] 5089 
[58] 5138 
[59] 5169 
[60] 5181 
[61] 5223 
[62] 5419 
[63] 5461 
[64] 5524 
[65] 5593 
[66] 5609 
[67] 5720 
[68] 5827 
[69] 5873 
[70] 6182 
[71] 6355 
[72] 6384 
[73] 6446 
[74] 6453 
[75] 6606 
[76] 6620 
[77] 6691 
[78] 6825 
[79] 6830 
[80] 6936 
[81] 6979 
[82] 7077 
[83] 7102 
[84] 7155 
[85] 7206 
[86] 7294 
[87] 7473 
[88] 7526 
[89] 7663 
[90] 7730 
[91] 7736 
[92] 7781 
[93] 7795 
[94] 7801 
[95] 7875 
[96] 8009 
[97] 8035 
[98] 8056 
[99] 8139 
[100] 8206 
[101] 8415 
[102] 8514 
[103] 8770 
[104] 8773 
[105] 8780 
[106] 8943 
[107] 9021 
[108] 9048 
[109] 9105 
[110] 9123 
[111] 9125 
[112] 9157 
[113] 9369 
[114] 9380 
[115] 9485 
[116] 9497 
[117] 9521 
[118] 9586 
[119] 9589 
[120] 9854 
[121] 9910 
[122] 9920 
[123] 10007 
[124] 10014 
[125] 10067 
[126] 10111 
[127] 10144 
[128] 10255 
[129] 10256 
[130] 10326 
[131] 10352 
[132] 10388 
[133] 10414 
[134] 10478 
[135] 10499 
[136] 10533 
[137] 10568 
[138] 10708 
[139] 10924 
[140] 11065 
[141] 11141 
[142] 11145 
[143] 11211 
[144] 11432 
[145] 11470 
[146] 11587 
[147] 11599 
[148] 11754 
[149] 11771 
[150] 11798 
[151] 11817 
[152] 11897 
[153] 11933 
[154] 11995 
[155] 12035 
[156] 12117 
[157] 12165 
[158] 12633 
[159] 12644 
[160] 12690 
[161] 12758 
[162] 12794 
[163] 12798 
[164] 12927 
[165] 12990 
[166] 13023 
[167] 13223 
[168] 13291 
[169] 13294 
[170] 13338 
[171] 13377 
[172] 13434 
[173] 13478 
[174] 13522 
[175] 13583 
[176] 13658 
[177] 13674 
[178] 13814 
[179] 13868 
[180] 13919 
[181] 13922 
[182] 14050 
[183] 14067 
[184] 14163 
[185] 14259 
[186] 14484 
[187] 14648 
[188] 14687 
[189] 14869 
[190] 14904 
[191] 14992 
[192] 14995 
[193] 15018 
[194] 15135 
[195] 15197 
[196] 15206 
[197] 15218 
[198] 15435 
[199] 15476 
[200] 15586 
[201] 15652 
[202] 15766 
[203] 15776 
[204] 15786 
[205] 15813 
[206] 15947 
[207] 15967 
[208] 15991 
[209] 16131 
[210] 16179 
[211] 16205 
[212] 16275 
[213] 16317 
[214] 16520 
[215] 16607 
[216] 16826 
[217] 17008 
[218] 17064 
[219] 17093 
[220] 17122 
[221] 17317 
[222] 17339 
[223] 17379 
[224] 17422 
[225] 17426 
[226] 17489 
[227] 17493 
[228] 17557 
[229] 17730 
[230] 17745 
[231] 17873 
[232] 17912 
[233] 17916 
[234] 17934 
[235] 18005 
[236] 18034 
[237] 18045 
[238] 18171 
[239] 18494 
[240] 18498 
[241] 18500 
[242] 18509 
[243] 18818 
[244] 18891 
[245] 18966 
[246] 19112 
[247] 19149 
[248] 19185 
[249] 19223 
[250] 19304 
[251] 19470 
[252] 19724 
[253] 19771 
[254] 19798 
[255] 19855 
[256] 19930 
[257] 19961 
[258] 20019 
[259] 20142 
[260] 20238 
[261] 20318 
[262] 20421 
[263] 20456 
[264] 20550 
[265] 20628 
[266] 20757 
[267] 20773 
[268] 20833 
[269] 20859 
[270] 21118 
[271] 21146 
[272] 21153 
[273] 21153 
[274] 21430 
[275] 21494 
[276] 21666 
[277] 21685 
[278] 21728 
[279] 21730 
[280] 21738 
[281] 21946 
[282] 22006 
[283] 22037 
[284] 22038 
[285] 22070 
[286] 22127 
[287] 22170 
[288] 22242 
[289] 22270 
[290] 22280 
[291] 22317 
[292] 22395 
[293] 22399 
[294] 22442 
[295] 22463 
[296] 22509 
[297] 22625 
[298] 22647 
[299] 22738 
[300] 22814 
[301] 22840 
[302] 22852 
[303] 22963 
[304] 23012 
[305] 23175 
[306] 23265 
[307] 23378 
[308] 23434 
[309] 23530 
[310] 23637 
[311] 23643 
[312] 23654 
[313] 23659 
[314] 23804 
[315] 23883 
[316] 23954 
[317] 24030 
[318] 24081 
[319] 24600 
[320] 24663 
[321] 24678 
[322] 24757 
[323] 25081 
[324] 25098 
[325] 25242 
[326] 25254 
[327] 25362 
[328] 25372 
[329] 25498 
[330] 25516 
[331] 25664 
[332] 25703 
[333] 25744 
[334] 25846 
[335] 25876 
[336] 25878 
[337] 25967 
[338] 25970 
[339] 26154 
[340] 26323 
[341] 26345 
[342] 26380 
[343] 26415 
[344] 26425 
[345] 26529 
[346] 26563 
[347] 26693 
[348] 26874 
[349] 26916 
[350] 26987 
[351] 27043 
[352] 27088 
[353] 27162 
[354] 27211 
[355] 27293 
[356] 27344 
[357] 27388 
[358] 27475 
[359] 27508 
[360] 27603 
[361] 27708 
[362] 27748 
[363] 27825 
[364] 27889 
[365] 27944 
[366] 28057 
[367] 28246 
[368] 28415 
[369] 28445 
[370] 28643 
[371] 28675 
[372] 28736 
[373] 28783 
[374] 29127 
[375] 29153 
[376] 29190 
[377] 29294 
[378] 29364 
[379] 29377 
[380] 29465 
[381] 29656 
[382] 29809 
[383] 29835 
[384] 29919 
[385] 29988 
index 15018 = 193 
result : 2800547
[0] 1483 
[1] 1827 
[2] 2015 
[3] 2046 
[4] 2358 
[5] 2976 
[6] 3510 
[7] 6418 
[8] 7009 
[9] 8624 
[10] 10179 
[11] 10513 
[12] 11016 
[13] 11139 
[14] 12609 
[15] 14874 
[16] 15804 
[17] 16159 
[18] 17405 
[19] 17647 
[20] 23136 
[21] 23356 
[22] 23506 
[23] 24035 
[24] 25901 
[25] 26169 
[26] 29123 
[27] 29602 
index 12609 = 14 
result : 218213
[0] 12 
[1] 136 
[2] 170 
[3] 171 
[4] 204 
[5] 231 
[6] 265 
[7] 289 
[8] 364 
[9] 490 
[10] 573 
[11] 771 
[12] 778 
[13] 799 
[14] 803 
[15] 817 
[16] 1025 
[17] 1068 
[18] 1197 
[19] 1322 
[20] 1335 
[21] 1375 
[22] 1499 
[23] 1509 
[24] 1544 
[25] 1549 
[26] 1669 
[27] 1744 
[28] 1783 
[29] 1783 
[30] 1931 
[31] 2080 
[32] 2245 
[33] 2399 
[34] 2400 
[35] 2481 
[36] 2521 
[37] 2584 
[38] 2603 
[39] 2640 
[40] 2694 
[41] 2727 
[42] 2743 
[43] 2868 
[44] 2883 
[45] 2918 
[46] 2961 
[47] 2987 
[48] 3142 
[49] 3210 
[50] 3216 
[51] 3478 
[52] 3541 
[53] 3578 
[54] 3618 
[55] 3644 
[56] 3648 
[57] 3655 
[58] 3791 
[59] 3850 
[60] 3866 
[61] 3975 
[62] 4030 
[63] 4241 
[64] 4368 
[65] 4497 
[66] 4597 
[67] 4965 
[68] 5052 
[69] 5180 
[70] 5243 
[71] 5374 
[72] 5465 
[73] 5468 
[74] 5545 
[75] 5604 
[76] 5618 
[77] 5657 
[78] 5753 
[79] 5771 
[80] 5794 
[81] 5821 
[82] 5907 
[83] 5995 
[84] 6071 
[85] 6135 
[86] 6145 
[87] 6231 
[88] 6234 
[89] 6239 
[90] 6254 
[91] 6289 
[92] 6385 
[93] 6667 
[94] 6865 
[95] 6906 
[96] 7122 
[97] 7221 
[98] 7238 
[99] 7265 
[100] 7284 
[101] 7428 
[102] 7493 
[103] 7655 
[104] 7677 
[105] 7724 
[106] 7921 
[107] 7921 
[108] 7949 
[109] 8039 
[110] 8070 
[111] 8184 
[112] 8188 
[113] 8219 
[114] 8231 
[115] 8357 
[116] 8363 
[117] 8384 
[118] 8632 
[119] 8676 
[120] 8703 
[121] 8974 
[122] 9010 
[123] 9173 
[124] 9429 
[125] 9471 
[126] 9658 
[127] 9801 
[128] 9807 
[129] 9874 
[130] 9980 
[131] 10010 
[132] 10133 
[133] 10265 
[134] 10269 
[135] 10331 
[136] 10403 
[137] 10553 
[138] 10575 
[139] 10583 
[140] 10659 
[141] 10685 
[142] 10777 
[143] 11008 
[144] 11199 
[145] 11208 
[146] 11292 
[147] 11308 
[148] 11319 
[149] 11331 
[150] 11541 
[151] 11546 
[152] 11680 
[153] 11730 
[154] 11739 
[155] 11873 
[156] 11883 
[157] 12169 
[158] 12383 
[159] 12479 
[160] 12519 
[161] 12671 
[162] 12854 
[163] 12862 
[164] 12910 
[165] 12960 
[166] 13017 
[167] 13035 
[168] 13179 
[169] 13309 
[170] 13311 
[171] 13316 
[172] 13346 
[173] 13687 
[174] 13732 
[175] 13856 
[176] 13925 
[177] 13986 
[178] 14011 
[179] 14034 
[180] 14105 
[181] 14125 
[182] 14140 
[183] 14149 
[184] 14169 
[185] 14225 
[186] 14249 
[187] 14338 
[188] 14348 
[189] 14427 
[190] 14495 
[191] 14547 
[192] 14736 
[193] 14853 
[194] 14954 
[195] 15593 
[196] 15595 
[197] 15708 
[198] 15757 
[199] 15807 
[200] 15852 
[201] 15863 
[202] 15950 
[203] 16008 
[204] 16092 
[205] 16116 
[206] 16175 
[207] 16256 
[208] 16270 
[209] 16335 
[210] 16448 
[211] 16490 
[212] 16508 
[213] 16533 
[214] 16650 
[215] 16875 
[216] 16904 
[217] 16972 
[218] 17158 
[219] 17177 
[220] 17209 
[221] 17238 
[222] 17323 
[223] 17352 
[224] 17503 
[225] 17612 
[226] 17698 
[227] 17830 
[228] 17892 
[229] 17918 
[230] 17951 
[231] 17993 
[232] 18053 
[233] 18299 
[234] 18314 
[235] 18322 
[236] 18482 
[237] 18488 
[238] 18530 
[239] 18697 
[240] 18851 
[241] 18925 
[242] 18933 
[243] 18965 
[244] 19073 
[245] 19133 
[246] 19291 
[247] 19383 
[248] 19390 
[249] 19421 
[250] 19559 
[251] 19607 
[252] 19612 
[253] 19637 
[254] 19783 
[255] 19840 
[256] 19846 
[257] 19868 
[258] 19945 
[259] 19993 
[260] 20018 
[261] 20038 
[262] 20051 
[263] 20059 
[264] 20065 
[265] 20109 
[266] 20147 
[267] 20243 
[268] 20277 
[269] 20401 
[270] 20429 
[271] 20494 
[272] 20535 
[273] 20624 
[274] 20630 
[275] 20638 
[276] 20704 
[277] 20928 
[278] 20997 
[279] 21026 
[280] 21077 
[281] 21127 
[282] 21192 
[283] 21225 
[284] 21250 
[285] 21394 
[286] 21442 
[287] 21463 
[288] 21526 
[289] 21548 
[290] 21579 
[291] 21646 
[292] 21811 
[293] 21955 
[294] 21979 
[295] 22020 
[296] 22084 
[297] 22090 
[298] 22169 
[299] 22169 
[300] 22196 
[301] 22226 
[302] 22250 
[303] 22442 
[304] 22695 
[305] 22836 
[306] 22974 
[307] 23052 
[308] 23100 
[309] 23277 
[310] 23316 
[311] 23363 
[312] 23425 
[313] 23520 
[314] 23619 
[315] 23700 
[316] 23847 
[317] 23882 
[318] 23970 
[319] 24078 
[320] 24140 
[321] 24236 
[322] 24325 
[323] 24804 
[324] 24862 
[325] 24865 
[326] 25099 
[327] 25119 
[328] 25143 
[329] 25361 
[330] 25407 
[331] 25489 
[332] 25529 
[333] 25613 
[334] 25615 
[335] 25697 
[336] 25804 
[337] 25811 
[338] 25973 
[339] 26002 
[340] 26004 
[341] 26050 
[342] 26086 
[343] 26185 
[344] 26237 
[345] 26271 
[346] 26274 
[347] 26404 
[348] 26575 
[349] 26656 
[350] 27001 
[351] 27018 
[352] 27024 
[353] 27083 
[354] 27206 
[355] 27252 
[356] 27355 
[357] 27560 
[358] 27638 
[359] 27641 
[360] 27654 
[361] 27680 
[362] 27702 
[363] 27716 
[364] 27730 
[365] 27742 
[366] 27749 
[367] 27820 
[368] 27876 
[369] 27998 
[370] 28001 
[371] 28053 
[372] 28147 
[373] 28198 
[374] 28326 
[375] 28432 
[376] 28449 
[377] 28649 
[378] 28719 
[379] 28767 
[380] 28829 
[381] 28867 
[382] 28867 
[383] 28940 
[384] 29093 
[385] 29268 
[386] 29379 
[387] 29576 
[388] 29614 
[389] 29763 
[390] 29775 
[391] 29781 
[392] 29977 
index 15595 = 196 
result : 2981598
[0] 23 
[1] 51 
[2] 91 
[3] 193 
[4] 514 
[5] 595 
[6] 642 
[7] 738 
[8] 789 
[9] 798 
[10] 826 
[11] 1022 
[12] 1106 
[13] 1261 
[14] 1278 
[15] 1452 
[16] 1618 
[17] 1768 
[18] 1866 
[19] 1878 
[20] 1901 
[21] 1989 
[22] 2053 
[23] 2178 
[24] 2190 
[25] 2375 
[26] 2500 
[27] 2560 
[28] 2586 
[29] 2598 
[30] 2716 
[31] 2890 
[32] 2960 
[33] 2970 
[34] 3063 
[35] 3072 
[36] 3099 
[37] 3112 
[38] 3129 
[39] 3189 
[40] 3223 
[41] 3279 
[42] 3379 
[43] 3391 
[44] 3425 
[45] 3648 
[46] 3702 
[47] 3803 
[48] 3843 
[49] 4064 
[50] 4102 
[51] 4105 
[52] 4159 
[53] 4304 
[54] 4335 
[55] 4383 
[56] 4389 
[57] 4401 
[58] 4426 
[59] 4435 
[60] 4552 
[61] 4566 
[62] 4697 
[63] 4867 
[64] 4933 
[65] 4960 
[66] 5050 
[67] 5073 
[68] 5083 
[69] 5162 
[70] 5295 
[71] 5338 
[72] 5386 
[73] 5395 
[74] 5427 
[75] 5432 
[76] 5478 
[77] 5513 
[78] 5671 
[79] 5873 
[80] 5956 
[81] 5987 
[82] 6171 
[83] 6604 
[84] 6649 
[85] 6676 
[86] 6702 
[87] 6707 
[88] 6714 
[89] 6721 
[90] 6843 
[91] 6854 
[92] 6868 
[93] 7009 
[94] 7297 
[95] 7311 
[96] 7331 
[97] 7364 
[98] 7414 
[99] 7449 
[100] 7454 
[101] 7586 
[102] 7613 
[103] 7624 
[104] 7636 
[105] 7636 
[106] 7636 
[107] 7686 
[108] 7940 
[109] 7948 
[110] 8107 
[111] 8243 
[112] 8399 
[113] 8418 
[114] 8429 
[115] 8495 
[116] 8530 
[117] 8558 
[118] 8593 
[119] 8707 
[120] 8739 
[121] 8755 
[122] 8805 
[123] 8810 
[124] 8991 
[125] 9101 
[126] 9256 
[127] 9309 
[128] 9419 
[129] 9432 
[130] 9545 
[131] 9588 
[132] 9687 
[133] 9787 
[134] 9878 
[135] 9963 
[136] 9977 
[137] 10059 
[138] 10074 
[139] 10210 
[140] 10428 
[141] 10580 
[142] 10834 
[143] 10951 
[144] 10985 
[145] 11087 
[146] 11172 
[147] 11256 
[148] 11302 
[149] 11397 
[150] 11474 
[151] 11707 
[152] 11785 
[153] 11871 
[154] 11934 
[155] 11991 
[156] 12000 
[157] 12234 
[158] 12260 
[159] 12277 
[160] 12289 
[161] 12410 
[162] 12523 
[163] 12636 
[164] 12649 
[165] 12660 
[166] 12792 
[167] 12913 
[168] 12931 
[169] 12958 
[170] 13232 
[171] 13367 
[172] 13398 
[173] 13456 
[174] 13494 
[175] 13642 
[176] 13755 
[177] 13780 
[178] 13845 
[179] 13882 
[180] 13955 
[181] 13976 
[182] 14043 
[183] 14085 
[184] 14122 
[185] 14153 
[186] 14208 
[187] 14224 
[188] 14290 
[189] 14345 
[190] 14449 
[191] 14524 
[192] 14543 
[193] 14595 
[194] 14658 
[195] 14685 
[196] 14737 
[197] 14738 
[198] 14804 
[199] 14879 
[200] 14888 
[201] 14925 
[202] 14979 
[203] 15014 
[204] 15122 
[205] 15223 
[206] 15335 
[207] 15382 
[208] 15411 
[209] 15449 
[210] 15475 
[211] 15491 
[212] 15493 
[213] 15671 
[214] 15702 
[215] 15802 
[216] 15879 
[217] 15927 
[218] 15927 
[219] 15960 
[220] 16124 
[221] 16140 
[222] 16288 
[223] 16329 
[224] 16362 
[225] 16362 
[226] 16444 
[227] 16518 
[228] 16572 
[229] 16639 
[230] 16654 
[231] 16716 
[232] 16792 
[233] 16796 
[234] 16859 
[235] 16950 
[236] 16980 
[237] 17083 
[238] 17117 
[239] 17146 
[240] 17156 
[241] 17433 
[242] 17509 
[243] 17615 
[244] 17776 
[245] 17908 
[246] 17910 
[247] 17916 
[248] 18008 
[249] 18116 
[250] 18302 
[251] 18333 
[252] 18508 
[253] 18559 
[254] 18605 
[255] 18709 
[256] 18754 
[257] 18772 
[258] 18804 
[259] 18820 
[260] 18823 
[261] 18825 
[262] 18857 
[263] 18867 
[264] 18871 
[265] 18892 
[266] 18895 
[267] 18966 
[268] 19018 
[269] 19021 
[270] 19026 
[271] 19038 
[272] 19093 
[273] 19139 
[274] 19142 
[275] 19241 
[276] 19280 
[277] 19307 
[278] 19410 
[279] 19479 
[280] 19657 
[281] 19698 
[282] 19707 
[283] 19841 
[284] 19920 
[285] 19943 
[286] 20162 
[287] 20268 
[288] 20413 
[289] 20422 
[290] 20557 
[291] 20696 
[292] 20879 
[293] 21032 
[294] 21156 
[295] 21167 
[296] 21221 
[297] 21390 
[298] 21572 
[299] 21688 
[300] 21755 
[301] 21757 
[302] 21832 
[303] 21848 
[304] 21865 
[305] 21874 
[306] 21968 
[307] 21970 
[308] 22022 
[309] 22094 
[310] 22114 
[311] 22351 
[312] 22355 
[313] 22465 
[314] 22632 
[315] 22726 
[316] 22910 
[317] 23280 
[318] 23323 
[319] 23412 
[320] 23432 
[321] 23455 
[322] 23484 
[323] 23604 
[324] 23663 
[325] 23700 
[326] 23992 
[327] 24074 
[328] 24163 
[329] 24335 
[330] 24374 
[331] 24391 
[332] 24408 
[333] 24414 
[334] 24648 
[335] 24655 
[336] 24702 
[337] 24793 
[338] 24796 
[339] 24807 
[340] 24900 
[341] 24996 
[342] 25079 
[343] 25092 
[344] 25142 
[345] 25236 
[346] 25254 
[347] 25297 
[348] 25353 
[349] 25405 
[350] 25458 
[351] 25512 
[352] 25585 
[353] 25670 
[354] 25680 
[355] 25781 
[356] 25804 
[357] 25885 
[358] 25951 
[359] 26038 
[360] 26205 
[361] 26250 
[362] 26305 
[363] 26311 
[364] 26338 
[365] 26351 
[366] 26510 
[367] 26559 
[368] 26629 
[369] 26863 
[370] 26877 
[371] 26898 
[372] 26970 
[373] 27024 
[374] 27149 
[375] 27342 
[376] 27363 
[377] 27530 
[378] 27531 
[379] 27548 
[380] 27578 
[381] 27719 
[382] 27811 
[383] 27832 
[384] 27854 
[385] 27891 
[386] 27967 
[387] 27971 
[388] 28031 
[389] 28061 
[390] 28149 
[391] 28254 
[392] 28280 
[393] 28369 
[394] 28401 
[395] 28402 
[396] 28490 
[397] 28602 
[398] 28609 
[399] 28696 
[400] 28710 
[401] 28735 
[402] 28760 
[403] 28811 
[404] 28812 
[405] 28869 
[406] 28874 
[407] 28884 
[408] 29026 
[409] 29055 
[410] 29084 
[411] 29192 
[412] 29234 
[413] 29299 
[414] 29312 
[415] 29320 
[416] 29537 
[417] 29572 
[418] 29645 
[419] 29660 
[420] 29669 
[421] 29796 
[422] 29926 
[423] 29999 
index 15493 = 212 
result : 3151906
