sum 20045, ave 2004
[0] 1 
[1] 2 
[2] 3 
[3] 4 
[4] 5 
[5] 6 
[6] 7 
[7] 8 
[8] 9 
[9] 20000 
index 6 = 5 
result : 20015
sum 200000, ave 20000
[0] 20000 
[1] 20000 
[2] 20000 
[3] 20000 
[4] 20000 
[5] 20000 
[6] 20000 
[7] 20000 
[8] 20000 
[9] 20000 
index 20000 = 5 
result : 0
sum 200000, ave 20000
[0] 20000 
[1] 20000 
[2] 20000 
[3] 20000 
[4] 20000 
[5] 20000 
[6] 20000 
[7] 20000 
[8] 20000 
[9] 20000 
index 20000 = 5 
result : 0
sum 200000, ave 20000
[0] 20000 
[1] 20000 
[2] 20000 
[3] 20000 
[4] 20000 
[5] 20000 
[6] 20000 
[7] 20000 
[8] 20000 
[9] 20000 
index 20000 = 5 
result : 0
sum 200000, ave 20000
[0] 20000 
[1] 20000 
[2] 20000 
[3] 20000 
[4] 20000 
[5] 20000 
[6] 20000 
[7] 20000 
[8] 20000 
[9] 20000 
index 20000 = 5 
result : 0
sum 200000, ave 20000
[0] 20000 
[1] 20000 
[2] 20000 
[3] 20000 
[4] 20000 
[5] 20000 
[6] 20000 
[7] 20000 
[8] 20000 
[9] 20000 
index 20000 = 5 
result : 0
sum 200000, ave 20000
[0] 20000 
[1] 20000 
[2] 20000 
[3] 20000 
[4] 20000 
[5] 20000 
[6] 20000 
[7] 20000 
[8] 20000 
[9] 20000 
index 20000 = 5 
result : 0
sum 200000, ave 20000
[0] 20000 
[1] 20000 
[2] 20000 
[3] 20000 
[4] 20000 
[5] 20000 
[6] 20000 
[7] 20000 
[8] 20000 
[9] 20000 
index 20000 = 5 
result : 0
sum 200000, ave 20000
[0] 20000 
[1] 20000 
[2] 20000 
[3] 20000 
[4] 20000 
[5] 20000 
[6] 20000 
[7] 20000 
[8] 20000 
[9] 20000 
index 20000 = 5 
result : 0
sum 200000, ave 20000
[0] 20000 
[1] 20000 
[2] 20000 
[3] 20000 
[4] 20000 
[5] 20000 
[6] 20000 
[7] 20000 
[8] 20000 
[9] 20000 
index 20000 = 5 
result : 0
