10011100001111001
1100111111001110
11100000010000
1100100100
10001010001101011
1100111001111100
1010000001001010
10101011110011111
100000110011000
100000110111010
1111010011101110
1001101011101010
10111010110101001
10100101010001101
10100000111101010
10001111111000001
1111001101100010
1001000100100001
10001011101010100
11000100001
1011100000010
10100101010001110
11111010010001
1001100101101101
10010010110100111
110101011111011
10101110011101111
1010000011001110
1100111011001111
111101100001010
10110110100100101
10110011011111110
1011001001101
1000011100011011
1110011110101100
101100111100011
1001110100000101
100001011010111
10000011010100111
1011110011001000
111110001000000
1100000001011110
101101011011011
111011010001110
1011011111011011
1100001100111010
10011110100000
10101010111110000
10110100011110010
1111010110100000
11000010000001
10100000010010001
1100011100011
1100011110011111
100110000100011
101100110111110
110101001011000
110110111101000
10011110101110100
10010010110100010
101101010101
11000000111011100
110001010001101
10100100111010111
10110000000110001
1101000001011001
1001011010100000
10011101110100100
10101011100110010
1110010100010100
110000110000
110000000011111
10000111100001101
10000000011010100
10011010010111001
1110100011010100
1000110110000101
1101111101000110
1010010111111100
10001101100000010
10001010001101011
1101000111001001
111101111111000
1110010001011001
101111010010001
111110000100
10100000001000010
1010100010111001
1011001001101101
100011010101011
10100100110111100
1000101000
10001001011111
1110100000011110
1100100001100101
10111111111011101
1010101100001001
110111011010000
101011110110001
10011011101010011
11000000101110101
1110001010110010
100101001101010
1011101000011001
1011001011111010
1000100000100101
111110100101001
1000001011000000
10111011111001111
110011010111001
10010100100
1100110110100101
101100111111110
111000111101000
1001100101001111
11101000001100
1010100010011100
110101101001000
110000001011
10110111000110
110001001000101
10000110010
1110110101010101
1000110001110101
10011000111110011
1011000111111100
100001000001
10101111111101010
1101101000100110
10001111111000010
10110110101110
11000000010100101
1000111110011001
10100010111110001
1101101010101001
101010100010111
11011100010100
10010110111101011
110101110100
1010100000001010
10000111011110
10100110101101000
10011100001010101
10110111101000011
100010101000110
101110100000011
1010110101011101
1111100000110100
10110100011010110
10000110010110000
1001001010010101
101110011001101
1011000010101001
1001111100101111
10100100001011101
10110000011010011
1111011011000001
100101011010000
10101001001001010
1000011001000110
10101001101000001
10001110100000100
1111110101001010
10110010100111011
10011101010100101
10011111111011010
110101010010000
10001000001001011
1111100101111010
1011111010100110
10111101000011000
1000011000111001
110101000010111
1111010011010011
11110001110
1000110001000011
1111110010010010
1101001001000010
11111101110101
1001100110000111
1000001101011100
1001010010111011
1000100100111000
1001001001101101
100000010101011
11000000000100111
11110000001011
1001111011110001
111001100011010
1110111011110110
1011011101011111
10010010111111100
100000011010010
10000011011111101
1001001100100100
1001011101110111
10100000111111111
1000110011111111
111010001100110
10111001110110001
100010010101
1010011110100
100101000001001
11100000010011
10000010011111110
110011110001
1001000010010100
11111101011010
111110110001110
101111000101001
1110111100010000
10100000000110001
1010011011
101110010011011
10111010000001110
1010110111011001
1000110000110
11000010000011101
1010111000100001
110101001111111
110111001001101
1011110111111110
10110001111011010
1001111100101011
10010001111001110
1111110011010
1000101110011010
10001100010011100
100101100101000
11011111000
10111110000111101
110110100111000
10000010001110000
1010001110110001
1111101001001011
10100000010011101
1000000110101110
101101001001000
10001001000110001
1000111010011
1100110100101001
110001100001010
10001011101000001
1100001000001100
10110111010001111
1011100010111011
10010001000010110
10001010011010010
10111100000000001
10010000001100001
10111001100011000
10010001111001010
111100011111100
10010011001100101
111101100110101
10101100001010111
1111100001001101
1101100001000100
1101101001010010
10000110101101011
1010010100111111
10100101011010000
1110011010101100
10001110000010010
1000101001111110
10011010000110001
10000111101100100
10011110110101
100000001010110
1010001111101101
1010011101111111
10011110011000001
11101111010011
10001011010110100
1110010010111100
1011001110000010
1100111010010
1000011110001000
10110011011101010
111101001111110
10101000111100
10100110001101100
1111010101000010
101100011110000
11100110100111
1000000101111000
10000001111111100
1101110010001011
10101000010111100
1001010110110110
1011110001000100
1101010001111100
10111000010001101
10101111110100111
1110101110111010
10110101011001100
11000001010111110
111000100101011
10000110110100
111000001011010
10110011100100010
1101000001111011
1001101100010001
10100010110110110
1000011101010111
1101100000101000
10111000111100010
1000001011010
11010101110000
1100110011011111
1011111111110101
1011100111010111
1011000100001010
10011010000111100
1110011101101010
1101001101010010
1101001001110
1111011101010001
1001111000011110
1101101111110
1000010010000
10011101100011001
1000000111011110
10100001101101110
100010010110
1010000100000001
1000111010100111
1001001000011011
1100100111000011
10100100100110011
1111001010110000
110011001101100
11100100111110
110111110100001
1011110111101
100011010001011
110100011000
1101000101001100
1010100111101000
10100110111101
10011100101111011
101010011100101
1010011000110
11001111111111
1011010011111001
1000011110000000
1110001010000010
1100000100101001
10101000110111000
10110110000100111
1101000010100
1000101100001000
10101010110000110
1010001010010001
1100011001000
1001011010000010
10010001011000001
1000101010
10001111110000111
1000011100101111
1001001110000010
10110110010000100
10001101111100001
1101101011101
1010011101100001
1011001100011001
1001011000000110
10101100100101000
10000000110010111
10011110000110011
100101010100010
1111110001100000
10010101100111111
10001011111000011
10101100010101100
10000010100000010
10010000011101011
1000110111010011
100100111111101
1100000010001000
10110111110101010
10011011000010010
10110001010111101
100110110110001
10111001000011010
10000100000101110
10100010110101010
1011111110
1001111011100000
11110
11100000110000
10000110100101010
1010101000110011
10100110110110011
10111111111010000
10010010000111101
10010000100101000
101001010010001
110001101011100
1101010110101001
100100101110111
1001010111110000
111101010111001
10100011101000101
101100000001
11000011001000011
10001101100001110
10000000010101100
1101110010111111
1110010011000
10100101101001100
110000000010100
10010001000000110
1001000011100001
1111000000111001
100001001010111
1100011011001110
1100000000010101
1110111101110111
1000101010111011
101101010101001
10100111010110101
10110010110001000
111001100110100
1101111100001000
1011010100000111
1010000111001110
1000100000010010
100100111110010
1110011111010010
11001010100
10100111110011011
110101010100010
1110010111011000
11001010001100
10110110110000000
1111100110001011
1100001001001011
1111001110111111
10010011101001001
1101111101110001
110011100111100
11111101000001
1000100010011
1100110110101100
111111110001001
10100011101101000
10111101100011110
11011101011100
111010100111000
10101101111001101
10001001101111111
1100000010101111
1001101001000001
111101010111000
110111110000111
101011000010100
1001101100010001
10010000101011110
10110111010000101
10100101001111
10110001100000111
1111101011010
11110111101101
1110110001101010
111110111001010
1111011011110111
10101011100000101
111101111010011
1110011100011110
1101110100110110
1000010001110011
10110000110100010
1110110001010011
10110000011001
1010010101101000
1101000101001101
1011101000000
1101100101100101
10111101111100100
100000010100101
10011100010011
100001111011010
111100111001011
111111110111011
11010111110001
10011011000010010
101011000100
1111100111110101
10111101000010010
1100100011010000
110010101110000
1011010111001000
1100000001011011
10001011110100111
100110010001110
111001101100100
101110101101111
1000010110101111
10100110110001100
1000101111001
101110001011111
111110010001011
10110001010011100
1011001101111100
1011001001000101
1010011000010010
11000011010010100
10010010001100010
1110101011101111
10111010001101010
1000110110100011
1011110100101111
100101101111
1001100111111000
1101111101001001
10001010001010000
10100000011010101
10001111000100000
1100001001000101
10110001000101110
10001101111010001
10101001101100
1101000111111110
1010001100001101
10001100010111111
10110010111111
10011111011101
101011111100100
10011001101
1001100101001100
10110011110010001
10011111010001100
100100011011000
10001000010011101
10101011010101111
101101011000110
1000000011001
1111011001001
1101100000110000
10000101101010000
10011000101100010
11010001001110
10111000100011010
1010101101011010
10100010011111010
101010001000001
101010100101111
10100110000011100
1110010111010001
1110010001001000
10111000100101101
10001000110111
10010011011000010
1111111001100
1010111001110000
1011101110111010
110011000010
111000000100110
10011000111111101
111111011101000
1001011100111
10111101001001101
10110000101000000
10100001010000011
10100001100110110
1010101111001110
10011110110
1011110010011100
1000101100000010
1000010000100011
110110010110001
100100101011001
10111010111100010
111000001110010
1001011110100111
10001000100101000
10110010010101011
1001011001100
1000011011011000
1110110011101101
11110101010
10101100011110110
100011010001101
11000000010110101
10101100001110001
10001000000001110
10100001100111001
11000100110
11000011001011111
10000110101111000
10001101110000000
10110010011110000
110010110111010
101011000001010
1001111110110111
10111011100010010
10110111000000001
111110011010
1111100010100101
10111101010111010
110001100101110
100111001010011
10010110010100100
10010000011111001
10011110110100001
1110010101110
11000100111110
10101000000101001
111011101001001
1101010111001000
11011010011110
10100100000010001
11000001100110001
110001110001011
11000001111010001
10100101001101001
1010010000010
10000000001010101
11010000000011
100000110000000
10000111110010011
100101111110110
10101101110000001
10001101001111110
10100010000011000
110110001010001
101111110100
11110110011
1101101100010
10100011110111000
1000010100110100
1101111001111011
1010011110010010
1010111101101101
10100111100101010
10010111011100010
11000000111110111
10011101100000
110011110010011
101110100110101
1111110000001100
10101011001110100
10000010110101
100101101010111
11000010010100011
10110001101110101
10111101111001101
1010100011000
101001100010010
1111001101000000
1000110100100001
1111001010011001
1010000000100
1111000001110101
10111011011100110
100110110101011
1110100101101011
1110011001001
1111001001010001
1000101100111111
10010100001110
110011100100
10001111011111001
1110110010110101
11111101011110
1110100001101100
1001100111011000
1001101101000010
1011100111110100
1010110100000
10100010001
10101000000001100
101101001101101
1101001100011011
10111011001111100
100101100000111
10001001000001100
10010000010011111
1111000000110011
11000001001001010
100011101000010
10000111111011100
1110110110000100
1111000000011001
1011110100110110
110101100101010
101000000111010
1001010011000001
11100001100100
111111110100110
1101100111001111
10111101111101001
1000011101000101
101010010011010
1000100011000111
10101011000010100
1000100010101000
1001110010100010
1011100010010101
101011100001110
1110111111111
10000001000101
1101001010000100
1000100001001110
10101101111001010
1100010011011000
1010100100
1110010110101
101001010011111
100011000111011
10010000000011100
11000000001010010
10111010111101101
10000101110111000
10010001011110111
100100011001101
11101010101100
10011111000000001
10110010000000001
10101001100100101
10000100010011110
10010111000110011
1011110001001101
1001100101100
1111000011011000
1101100111100011
10010111010011101
10011111111001101
10001011111101000
1110110011111010
1101110011011000
111001011100100
10101100011010
10010100000111110
10101110111100
10010101011101101
1100100111011000
111101110000001
1101100110101
1010100110101011
10101111111110010
10000010011000100
1110101011001011
111001010
10011101010111011
1110100000001100
10000100001010110
10011110011110011
111110100010111
10010101100111110
1111011100000111
101101000101100
1001101100001
10001010110000000
10111011111000011
1100010001111111
1101000001001111
1010100101010011
11010000110110
10101110110000100
10001111101111
10011101010110010
11000010101110011
11000001001111011
110010001011101
10111011111000100
10000111001010011
1101011010000001
11100010010010
100001011000
1010001110000001
1100011001101010
10101111001010
111100101101101
10010101101111001
11101110010100
100000000100111
10100111100011101
10101100010010001
1110111110100111
111010111111
101011111110101
1011110001110100
1100011001110111
11111100001000
1100011001110000
10100000000010
1101110111101111
10001011110001
100001010101001
11000001010010010
1010000010001111
101110101110
10111011111110101
1000010011000110
11100000001001
10100011101000
101001110101011
10111001011011000
10010100100001111
101100110110001
1000100111001011
1011101010111010
1101110100110100
10011011001111100
1000001111010011
1100110000101011
101001011101001
1010001011001111
10001011100101001
10100001100100001
10100111000101111
100100100011100
111001011101
1101101110011101
111110101111001
110011001110001
1001111010000001
10111011011000101
10110011010111011
10001101111100100
10111000010010011
10010011010110110
10000101110110
1000011111011111
10001010000110111
1110011001100011
1011010011001110
10000101110000000
11001010110001
1000100001110011
10011101011111
11000001011000111
111000010110
1111010100000
100111110010101
10110010111100101
1011011100100110
1110000010000
10011100011110100
1101011
100010010010000
1110010111000100
110000000110101
10010110111001
1000000100100111
11011110000100
1100010100100001
10110000010001110
10110011110101110
110100110111000
1011000100110010
10010000101000100
1000111011110101
101010110001010
1001000101110010
1010111000100011
10100011110110011
10110011111100
10100000100000
111101001111001
1110010001001111
11000011010000100
10010001001110001
1011111110100010
1011011110000110
10001000110100111
10111010101101110
1111101100101001
10111010000010110
10001110000100101
11110111011011
1100000110100000
10010010011110101
10001111001
100000111010101
10110110101001101
100000101111111
100011111101100
100011010001
1000100100011110
1011110111100101
1101110001101010
1011001111110000
101111110010001
10001111010100010
1101000101111011
1100111010110100
10111111101000000
1101011000101
10111010100011110
10011001011111110
1010000011100
10111111010000010
10010010000101101
10100100011001011
1011010011001100
11111010110000
1101000100110011
1010001110111100
10111010001111
10111001110011100
1000011111110100
1000110011000
1011111111010110
10001110110100111
10011000011111101
1000100101000101
10111110001010110
10101001100101101
111001000111
1111110110111001
10001111010010111
1010100101100110
1110101000001
11101000000001
1001001111101001
10100000001011101
10100001011100100
10110010000101100
1000000100111100
10101001110111000
10000110101110
1100110000000010
110110100110100
101001101011101
1000010100010110
10001000011010111
110110111011110
1111100000001011
1100011001111101
1010111011111
1100101100001011
10111001101101000
1111001101000110
11011110110010
10011110110110100
10100101001001100
10011000010110010
10001111010001000
111011010100110
111100000011
10011000000001100
1000010100011000
111110110111010
10001100101101100
1000001101100000
111111101101011
10000000000001111
10011111100000111
10101001101000101
10001011101100
10000101111101
1001010011011111
1011101001110011
110011001110
1110110111101000
110101001001100
10110100001011
10100101100001100
111110010110001
101110101001011
1001110011010011
10101100100101
10110000000010000
10101010011001111
101011101100101
1100100000101
10100100000110100
1110010110100111
11000001101111011
1011110101010000
10100101101111100
11011011110000
1001110011111100
1001001101011
10101000001001101
101011000111100
1011010100011100
1100100100001001
110001011010100
1101110010001111
100110011000110
101101010001010
10010111010101001
1010101100110
111000100100010
10111101100101
111011001010110
1011011100011100
111010001000011
1110000011100011
1101100101000100
1011000111000001
10010111100101000
101100110
1001101101010111
1011000100010100
1011110101101101
