629550 996422
27092 760823
228066 969933
7307 622897
338610 556137
172466 366828
301720 607299
664713 981004
429808 713980
696116 869046
794232 990398
241938 415131
742918 856274
149524 778728
392577 931676
36212 678174
701558 753482
391549 888302
36774 510372
291705 310518
475096 937105
445321 807151
188912 616280
599901 893670
283582 913426
440459 997903
66929 261819
713473 892104
483794 797821
366151 790550
362067 964314
239327 522309
169519 801656
195450 767450
162790 653299
168205 407918
267360 273786
322620 332819
421490 434641
106344 123630
807184 885853
461822 739096
42363 882528
162265 841248
214528 583760
354353 744823
339762 997640
58238 131737
2232 738365
224869 479844
389848 545806
83474 327655
353252 984981
134081 647287
440206 731309
526320 865725
846781 990588
596717 984890
167737 375043
168195 413258
13776 893166
344443 575185
397181 509110
316093 367204
228505 878528
359988 845626
444356 952758
12319 509190
470054 671461
24551 518988
394601 737604
289001 343178
310617 723793
126542 767484
87658 613749
690676 955085
214906 924617
417856 608582
107511 294025
631224 914163
56755 401226
694997 925906
424805 580112
354784 824961
531826 779460
101912 895472
515557 919293
266810 317743
653816 883945
479873 951960
822215 858168
475937 490217
422029 447286
619873 838155
836815 918548
447821 968792
217791 459964
612170 676587
241968 845270
201662 286492
131318 321718
46643 630950
496724 900595
92366 483343
404879 594910
29669 348954
404722 766890
210866 561214
242561 695630
358347 447509
612704 620326
265198 356108
233926 938965
25161 703471
23666 712647
25827 274526
171490 597190
113389 960501
89153 666593
783779 969676
358943 531120
268500 351248
301372 772901
108429 452937
318610 937933
425594 633997
240846 613098
265393 348472
109013 495388
412723 956117
454089 842082
166504 976421
436722 918815
72066 850084
400184 693228
274029 815418
343586 902562
378380 606179
58127 485303
26952 387440
153753 581749
36747 583688
251063 325540
49558 811298
265532 344549
1917 364572
250701 279925
35532 441200
597310 684199
397660 532414
331367 624761
111268 276798
628826 958122
216889 341778
370699 409414
46295 179738
403348 662655
272999 788706
648777 986149
345562 628100
192557 574083
172004 599955
635914 897887
732276 795518
191909 371407
511599 804960
103955 998391
107504 227209
37019 667760
510223 906688
603001 986699
209839 815013
62605 616244
245624 512022
87033 280759
633753 842854
61866 907387
527214 634356
36733 902145
290112 406327
496058 650287
487411 550442
569179 852804
410208 715632
152442 889285
491746 696381
575303 766560
125570 900441
7923 451936
419309 510412
592530 925591
623568 881517
792652 951340
655228 808844
329556 600161
806245 938472
42156 463923
643697 733328
114824 224867
211840 669145
81225 600064
588085 854578
18591 32737
16147 214132
769447 882149
6267 567447
408185 972453
32817 896286
501607 634162
167909 346990
412028 638208
274229 612894
376478 518145
493365 956775
476128 657710
397194 603166
642190 725808
149147 777849
382444 518502
407276 444275
511806 933043
118173 239090
522662 832952
961812 995011
378623 994182
885480 999532
380310 515747
147758 682019
326831 908816
752949 802275
122930 404597
657126 672687
699644 912250
927830 968885
416298 617560
42586 532463
361361 460057
80274 409882
263659 900293
589413 695046
536510 665136
178920 191949
447462 905244
87537 301389
16246 184011
77418 822342
544387 989966
413342 557206
362619 672247
29622 132469
582973 610111
67510 192645
454086 895434
529707 909850
357530 645186
840435 931081
153309 710182
561384 922838
142440 781947
298956 541500
259976 757337
51662 817561
424012 453338
238257 972099
508278 775798
142467 620794
163989 839696
557371 752065
59073 600458
574986 876704
92291 857427
451700 838299
737308 826036
339872 505672
467939 490177
214448 258521
47790 490965
244776 564923
198542 833627
360165 531721
313762 978464
316058 502662
112451 620047
688291 842368
23698 520418
311997 741706
524580 913055
142078 462180
415200 615755
876527 945077
127828 129745
701549 998573
485942 599468
96272 493616
196956 729476
107809 721381
389053 753954
64867 614979
388497 568450
434357 452519
64286 238208
146806 362663
358268 535789
423707 571865
409991 797766
610715 877871
486074 972825
27692 516156
180472 814063
362697 926105
499110 807535
139478 667218
478403 500204
722713 792827
633016 760977
175469 517070
100146 122190
400880 859670
434230 807530
146709 393748
140445 706671
109155 586118
472824 940052
24574 722429
15457 430515
95627 529699
399971 457157
444425 957801
386173 670033
37248 879064
101307 280016
153584 933576
228225 628722
595674 598124
136157 407891
237415 603345
767919 967213
630565 724132
652971 995284
379846 883862
374781 964813
588490 981602
28236 84392
458551 746267
358578 665659
139671 490384
61179 66881
288557 460916
745977 810715
677239 784985
535774 722555
77412 718954
402435 806478
448276 825411
206374 224427
135118 163828
97934 487770
415427 560892
87442 691707
488358 743843
401757 568914
468296 474971
140067 486017
555355 741109
813609 841672
431740 851286
422815 788603
15338 755543
94085 619144
62596 156615
274899 488936
444985 715235
264208 477011
735237 839161
179003 575726
78569 356986
185109 860096
369272 423991
566402 722902
705126 736158
541085 783721
458126 584530
312420 999039
56995 589643
20971 629166
188608 459672
777804 967323
48001 183686
24240 38049
691024 717397
55533 209199
673190 879281
186213 649738
335122 564245
297150 706272
74046 333581
122493 478638
827345 916274
118205 150296
898995 929558
302932 993829
302683 339473
382563 894118
170248 380350
135073 531473
190533 421830
748231 852226
192125 360447
160162 898125
313966 888467
783233 979476
508351 674648
235461 614446
423292 525478
187038 612878
594441 638410
369824 537467
28072 667622
7120 509429
215652 827396
257275 572185
65306 589663
310132 577883
320765 578409
552056 699038
711362 751699
647621 948027
227729 721477
57935 994863
320116 536089
314317 727208
290019 873608
281879 896578
369777 999745
45618 276611
669275 952488
736704 864134
685275 748822
965700 970427
233722 458225
899892 985219
515477 769991
594 551878
32497 482832
705116 872745
103825 638775
358008 542289
12111 638930
260605 304514
196002 350039
224810 716179
164948 339712
501067 986389
38792 266236
480313 778348
74098 739511
296801 519722
196507 892934
625713 812554
293617 808971
245264 881223
330681 571218
363951 371996
579331 584544
439367 888414
92837 400995
48147 813091
758 698410
778645 959521
485863 766743
290964 426551
182266 662290
229345 619735
24591 213909
146235 444385
18005 182869
27923 351069
133716 237843
134293 354915
308667 639824
35674 940355
14516 85307
350185 528336
103157 540493
157153 305267
34286 860869
639060 885252
74771 410916
17589 876571
27441 416608
455546 532941
361909 572508
705351 951915
15157 539020
704426 797102
166584 394968
827903 896173
280268 581519
413309 505379
755739 971758
198499 744131
577261 608418
170352 993364
105786 188152
11106 446889
80870 891127
552996 820386
611294 630136
268406 597887
247743 565573
183682 332414
714483 997142
671939 766667
455482 827656
584093 797023
39588 489625
525275 672158
188603 963339
125197 620684
318247 978855
113507 489758
71445 768006
1618 245291
262561 694828
391909 693325
454919 650035
275610 364932
139171 376143
142300 274663
537554 720406
251571 478435
148787 885975
342595 728749
59780 276575
155993 396526
111173 466252
562078 953637
483344 795067
363823 910344
167813 241504
427309 715110
276368 477281
421372 829631
285278 835883
175012 622113
601999 969609
314199 397189
144245 246889
5402 457673
137713 975806
284749 855019
341398 804582
190826 311914
208009 282024
391924 434740
35011 136919
430679 749675
601027 825356
651979 688739
223387 703873
468092 583182
488362 752752
80053 386380
29877 812282
449649 529182
617285 876465
246728 973203
841296 952645
121044 397631
30082 757090
785579 946179
578321 895602
386565 719189
33866 365531
491645 662374
132129 764518
165660 306628
444427 842704
866450 996537
817161 934876
666153 781398
442686 815375
62981 602059
140854 749328
45965 330755
291775 964876
744515 900795
443941 520463
70276 75751
460449 544553
5097 841383
255694 420057
92700 293496
270027 641557
487053 533159
760482 849263
224883 749064
121635 886351
174021 774592
179362 494362
128391 833116
197695 901962
607887 932180
619761 748288
233776 475995
335917 344155
215396 826657
605740 735121
318783 529147
674285 917352
372161 777965
33439 172076
377900 796606
36738 280630
244201 396926
574862 648582
587522 828496
168457 182117
26858 727675
78988 140715
143256 989260
377207 489225
219888 565669
633174 949113
371917 887382
173908 974619
53190 54673
813490 828648
281119 923007
526197 573195
186968 805861
576053 939859
51075 516262
76613 230574
381397 688550
151454 881207
440695 553652
734866 915243
771380 838025
317852 528986
910737 998900
761707 902294
477413 551439
678907 736591
406349 747383
534371 838424
616657 924779
244448 607258
65853 641162
165840 314486
404216 491327
149260 446224
128742 561139
375758 439397
816466 817068
380875 894691
229179 885156
344118 444713
409558 458470
336027 830201
88393 107049
339904 633950
139992 736527
130926 438656
299686 745829
202017 478002
113643 632863
355208 612514
368044 930688
49375 628785
103616 117132
460083 915216
416640 423789
593708 614205
480589 532189
167035 644725
70474 79425
77541 470934
590758 801070
82722 306221
274545 947161
96593 886402
592440 786495
569944 604512
211785 559194
287371 663214
201303 442698
181627 746475
659629 892334
675777 701788
121222 349537
757395 954364
29309 207224
303735 469932
450835 956245
500518 896458
300571 536744
31794 896855
282667 728616
834064 955744
28578 404465
34962 677789
258350 558008
371178 405560
520552 732271
251248 372868
78010 570948
227392 694205
165157 209999
609561 846589
964419 971453
190868 421581
33024 175254
532107 943106
1544 749296
98197 614936
612325 806715
898693 968011
29038 199087
231114 617121
65172 859273
431855 545349
713675 960890
2529 834454
216730 703377
890075 990183
312447 312752
58694 365291
189915 930247
160540 417888
572639 681082
290909 953334
248431 880628
102700 295938
296845 854594
183460 843370
28319 593514
499496 648023
187421 277931
175820 258998
119913 872464
60635 605606
413170 830327
93623 724124
251951 500229
199859 884832
168272 665977
33625 740197
798091 926651
614354 636242
286010 901080
325195 731137
260050 617794
443838 676196
242236 628452
153386 403496
684770 764915
409289 732991
126406 502922
10770 386026
307817 977323
155191 356625
73748 91231
160095 444434
808789 845849
232669 658315
519878 522809
709993 928862
728856 821826
36068 166931
377193 840688
131054 153526
216512 508815
176575 908143
878453 975269
176989 483518
75118 866198
77341 513649
593838 719930
27379 635851
308150 333185
565179 712009
31843 815912
191473 973748
682467 718270
773907 957947
446059 656510
492765 559878
429016 856468
342140 689200
448902 554284
144977 422724
428847 945978
574057 775037
140506 520002
228697 517432
11296 521520
295030 995580
745176 901984
350266 874659
200213 525544
322299 414740
828697 891338
111058 455932
291857 671781
623972 953033
453696 806995
558088 843513
423757 835566
508574 587597
837507 943641
343502 916843
586652 660282
496762 857082
791889 865627
479108 737076
736882 797837
146652 397299
468784 705833
378087 867379
270639 594856
226137 697130
170621 210313
454659 891564
363242 659548
417083 778300
771963 916873
200398 588481
673716 822860
100446 488615
682670 699490
305184 582660
108133 999941
161564 731739
675387 981258
78788 766629
711238 713342
357943 675169
528454 605407
834068 981401
170160 941843
504979 567409
14831 383867
444413 582083
500529 742484
156768 503081
240905 498291
50782 375913
588157 650326
242788 686286
175848 429025
97458 241369
534788 642747
566930 966470
225079 548960
557092 965398
791785 987079
245795 460152
544470 682873
409877 524874
644296 751028
10305 116416
141763 942529
137590 603930
558481 912078
160194 940648
108276 732603
266423 303928
353469 802715
844125 878197
74986 484679
836340 989016
303708 558537
22493 867381
249922 904375
53733 599324
288544 774439
531085 558068
487160 569647
49915 886663
575453 609753
494706 896727
39975 637509
397885 706760
250104 851888
225534 916703
142070 896877
71823 447491
584244 912334
552951 964248
407769 857434
209630 819045
661180 933614
294354 399006
470197 687605
416287 657881
363477 538515
640388 692552
762883 934187
787591 853409
189923 485597
453010 898136
197241 565772
638343 994669
471641 682679
274842 818003
489681 676313
419853 906239
787012 988713
28184 645313
411154 802573
206738 760991
525611 997295
71075 699051
529669 771966
857120 913504
180165 214147
378263 666037
664863 975711
94394 491747
351063 470104
272745 276241
38022 930906
380647 417790
570576 603256
169712 315416
115839 766546
6365 720403
273561 304573
144006 683659
83772 608428
126932 720455
455338 762677
12366 114061
35379 466530
182531 805013
116687 340861
658614 895291
225134 870571
439843 985756
322441 679411
207337 886299
510325 644362
144738 799201
463849 540016
459684 556666
380292 974529
877425 959868
14132 604808
391941 615285
3887 342325
156080 231050
572953 859922
182440 419174
531607 952456
483547 773788
4598 329955
424429 912612
654890 817179
202886 299348
41034 723964
348490 929615
297024 712971
634292 786531
664226 831013
73626 832759
102163 327802
456466 798947
14167 68340
264946 881421
170854 868258
423262 572252
653476 822392
117123 840843
134782 833945
34210 598226
209554 771699
299148 393438
26010 810779
209578 722263
454984 587891
58414 627118
39523 258445
254761 574356
56128 496528
126772 496306
12836 87894
488275 774376
589977 962838
98648 126414
870002 998141
493873 711034
266484 866963
466662 774330
636492 933082
606201 663714
102277 798142
423318 501164
226580 262834
117123 727436
