317443.680000
580071.240000
259965.510000
928703.390000
1150880.680000
325551.800000
185186.430000
34168.100000
240405.270000
523159.670000
1162423.720000
1272445.440000
485524.150000
798509.190000
25677.750000
1006442.540000
2681.710000
646698.570000
40431.480000
815348.390000
945380.410000
251194.560000
1123493.040000
645299.440000
110230.900000
514772.030000
1147191.280000
198918.040000
96094.250000
1113559.450000
860242.830000
899865.750000
613003.850000
349787.620000
185280.700000
276873.670000
55824.710000
995526.920000
985137.520000
956228.670000
536350.840000
938719.720000
605174.860000
221117.260000
198390.370000
968006.910000
1147326.820000
454571.150000
738703.230000
1204348.090000
1216793.690000
586713.660000
751333.690000
793563.770000
214124.870000
1159755.270000
830682.430000
425650.460000
1213148.780000
212782.650000
524410.700000
532339.610000
180670.020000
1227504.710000
1167163.060000
723337.480000
340351.230000
106356.100000
426015.230000
651032.530000
224004.310000
410037.470000
484571.260000
1027413.040000
636386.310000
961604.300000
743710.130000
989184.760000
227199.330000
66978.940000
495897.230000
170007.290000
1254219.940000
1111109.950000
649135.910000
1155097.750000
371156.390000
720298.780000
139013.880000
192696.820000
444101.930000
970596.060000
1229345.420000
1178234.460000
672565.250000
324770.680000
421200.190000
16102.510000
271179.180000
329788.330000
938156.840000
225469.770000
257218.130000
1159719.270000
866775.600000
1006039.960000
435637.270000
975559.230000
235935.940000
919803.810000
242004.850000
576531.820000
437685.590000
83290.080000
756251.000000
853372.020000
149452.460000
264763.880000
565260.750000
1193576.270000
33097.540000
1048063.140000
492399.750000
183888.530000
1202805.060000
420797.910000
809709.600000
958326.960000
449987.940000
1120082.750000
626412.370000
871447.220000
1046590.320000
497813.660000
701592.110000
1110894.880000
1205669.020000
1036022.640000
689869.670000
1159311.690000
1274009.030000
914445.970000
249536.880000
357921.660000
781617.660000
863972.770000
901793.260000
1176107.400000
133734.500000
550266.510000
330127.740000
460990.070000
989631.130000
405655.660000
636138.070000
1213438.470000
580474.020000
619871.260000
973120.450000
449580.250000
463280.540000
561673.960000
1162691.200000
271329.770000
580508.820000
65210.790000
1230520.210000
988438.020000
1128618.940000
223811.450000
232949.770000
1164007.980000
914289.610000
919846.190000
582491.460000
429464.270000
685789.000000
207900.890000
187900.820000
1216272.260000
1107572.820000
864513.860000
1051386.760000
1258609.660000
804852.100000
134014.190000
968242.310000
1152140.120000
95677.830000
207459.610000
802526.300000
21304.080000
471987.850000
252817.690000
1269625.780000
19765.140000
601274.740000
56234.630000
690733.560000
722424.910000
416112.360000
231282.930000
1023210.020000
787805.730000
1006025.390000
1103924.340000
634308.630000
1001745.860000
786599.330000
1037095.450000
1088951.080000
898306.530000
131228.450000
1025983.640000
349365.420000
300608.690000
803901.530000
1252623.660000
793626.900000
836545.850000
8395.060000
1185902.990000
1230006.160000
1056860.960000
490432.690000
97734.800000
1139119.780000
52903.920000
1183613.670000
790309.540000
974141.740000
58855.390000
918913.480000
354963.560000
719992.110000
931500.530000
846547.350000
1062408.560000
358753.970000
853127.270000
609591.400000
1175920.660000
522139.670000
310152.200000
183751.770000
7527.060000
921743.280000
137302.310000
1010528.440000
709197.000000
7432.870000
649128.880000
1025908.250000
906663.780000
927573.460000
716598.720000
353283.900000
1166669.980000
193875.010000
66814.310000
253292.780000
982375.380000
1237962.830000
560405.620000
916856.810000
1075714.970000
372184.090000
895623.300000
246084.330000
1039199.050000
503797.630000
262440.680000
950980.190000
1157564.940000
1155321.710000
895243.820000
226239.170000
812358.940000
42973.500000
631222.110000
65407.810000
1045950.980000
658850.750000
1158465.390000
220349.410000
1140990.900000
750620.200000
131588.030000
1078584.390000
554637.230000
1204558.050000
969691.540000
967136.200000
103007.330000
180501.910000
982008.510000
549349.160000
107836.330000
407062.790000
1074556.830000
1220010.320000
77611.340000
959970.430000
176164.000000
1052899.100000
310677.220000
377443.080000
88930.650000
378326.190000
1182164.280000
935553.490000
109964.320000
1203414.800000
521170.200000
783274.690000
140517.780000
936846.300000
961909.680000
1129703.790000
1156251.960000
860441.630000
718007.150000
505333.340000
340583.840000
544044.770000
599573.740000
615006.110000
805814.510000
569097.210000
841022.340000
429579.470000
280130.960000
380203.050000
498325.940000
497860.570000
548298.980000
1173850.240000
344402.650000
528055.790000
740772.600000
178800.360000
1192396.280000
545064.040000
444214.060000
55915.130000
730895.810000
167095.180000
1036387.280000
177058.590000
574539.230000
588245.610000
286904.970000
349115.230000
383121.220000
590420.720000
212196.620000
152014.890000
859623.780000
1010654.940000
608423.190000
366282.320000
156483.070000
920098.780000
452583.210000
805070.780000
1026608.280000
784706.600000
3289.210000
339895.700000
1135847.230000
333869.020000
935508.020000
1004492.760000
157174.940000
691660.780000
99693.850000
555304.610000
164764.720000
1176277.290000
98668.290000
239755.640000
128564.930000
837632.370000
437068.430000
579545.520000
358947.090000
636622.020000
150309.000000
321940.830000
676058.020000
1172946.730000
177572.520000
765334.960000
766312.650000
386087.070000
1146403.450000
1207481.930000
809001.530000
162392.710000
844788.990000
340976.840000
744573.220000
82350.460000
1038640.420000
930824.250000
1132434.100000
465444.110000
997232.340000
741938.460000
1265139.400000
32078.660000
1148999.330000
501322.190000
455411.690000
199302.270000
667028.260000
699890.820000
679836.130000
864334.850000
306723.120000
1152166.290000
457530.470000
1040429.780000
88417.590000
583300.470000
951025.880000
769627.400000
897909.120000
1094635.690000
455154.160000
153011.170000
379889.340000
735795.320000
727189.950000
77376.260000
852033.250000
460953.170000
718287.520000
1032512.050000
995396.220000
384010.280000
483102.100000
599686.680000
957289.430000
947383.330000
690511.500000
708990.080000
308807.690000
684049.360000
543146.190000
812771.580000
927177.690000
629586.680000
235701.070000
398682.550000
1208768.260000
183199.830000
1272382.020000
110769.850000
534588.110000
769839.930000
1107035.920000
667390.050000
271742.260000
503190.730000
819255.220000
1135005.950000
154241.570000
481667.150000
323262.760000
905927.770000
67032.040000
677708.170000
64634.350000
850544.360000
137065.620000
495449.520000
258786.930000
578717.150000
120970.330000
517099.960000
419641.330000
1117628.050000
206067.310000
1174544.970000
843128.850000
890230.180000
668969.960000
524797.550000
903481.900000
1067939.500000
340536.430000
1096031.830000
1030931.840000
85512.460000
258013.880000
278360.240000
284169.490000
114489.350000
768895.290000
740003.570000
220846.650000
481596.880000
94594.280000
578422.790000
294322.990000
915394.820000
405039.770000
301307.400000
941960.130000
519547.140000
271826.650000
1050459.000000
1235210.490000
55783.910000
498393.690000
504483.900000
87217.060000
1030513.580000
352617.060000
515022.510000
746020.890000
256161.730000
31294.700000
1011299.250000
288124.400000
633162.510000
983193.730000
427445.410000
396649.740000
319124.940000
1201017.270000
661024.470000
178370.190000
1010573.690000
867698.080000
505807.660000
89006.330000
766534.700000
138387.900000
189173.460000
1039717.340000
398274.640000
284009.050000
717784.410000
687777.800000
454829.370000
1115289.770000
604315.860000
133566.530000
865585.740000
893223.500000
469803.800000
299221.130000
580884.590000
154395.970000
1254744.570000
544299.040000
823510.750000
54819.030000
933473.970000
82791.180000
569553.880000
576715.830000
768068.570000
1152585.560000
1061776.060000
1073663.280000
1170758.600000
923232.130000
793974.540000
662847.720000
327312.850000
1023848.410000
52555.200000
53121.670000
1220005.630000
860592.510000
647125.760000
130872.470000
308547.410000
632376.290000
34330.970000
908694.000000
1182079.620000
1033577.890000
323496.010000
675241.190000
111225.130000
426987.490000
203578.510000
730827.950000
400229.900000
888673.570000
991073.500000
389152.580000
318258.750000
178267.090000
262947.320000
444301.660000
1133511.780000
317223.750000
1035689.730000
8066.110000
940273.720000
771820.620000
442043.650000
739980.930000
591448.990000
223722.690000
1085212.090000
952619.100000
1062408.320000
252745.050000
1249879.040000
846559.290000
1143871.470000
406725.800000
1144372.940000
73569.640000
72982.180000
447940.120000
100131.270000
1066391.830000
306948.280000
564187.920000
39042.650000
332301.230000
854843.920000
829588.440000
233167.260000
1031125.830000
163502.670000
916951.280000
383872.910000
586089.550000
897629.080000
803051.410000
361992.610000
938968.640000
662972.330000
1148401.410000
575115.510000
1065825.540000
42882.610000
613360.300000
146883.890000
1134081.210000
696553.530000
796575.850000
879642.680000
296804.920000
170992.610000
1213780.890000
1007585.590000
1054782.860000
64631.780000
911783.480000
593704.520000
1005011.180000
180840.960000
450545.600000
1093793.810000
811460.280000
348523.360000
1024154.900000
79972.910000
772107.510000
957766.030000
323614.440000
116334.570000
383797.910000
126986.160000
1167675.570000
136621.800000
644997.740000
491368.650000
685586.900000
1108644.180000
700193.290000
991386.880000
488113.750000
869575.520000
406785.680000
851491.000000
724302.880000
241417.520000
1022781.200000
501125.460000
167284.980000
27303.630000
408546.640000
433795.740000
534766.670000
1094849.840000
1008004.400000
96626.400000
743025.600000
1162383.010000
989948.110000
722963.290000
409240.900000
973260.760000
1072718.420000
195282.180000
687037.970000
594109.150000
719112.060000
42950.160000
1127239.320000
733762.730000
106410.660000
247688.690000
838350.310000
224553.990000
1027474.830000
1010275.220000
1032664.020000
1077606.200000
1155946.100000
712117.760000
793536.320000
280494.150000
1209624.230000
322407.020000
248075.670000
987557.950000
211892.680000
93937.450000
439188.370000
1127242.610000
222653.400000
417634.570000
1022582.480000
608015.880000
405750.110000
130199.520000
1226141.520000
700226.650000
427506.820000
738370.440000
710444.930000
318024.570000
524558.180000
79099.600000
542722.920000
621297.960000
627865.200000
975904.300000
873614.980000
161382.420000
202371.920000
94532.070000
565032.010000
649578.130000
310543.310000
144947.240000
432467.640000
840970.720000
742547.430000
786158.050000
698260.980000
576870.420000
489298.860000
1195912.400000
721061.590000
1120204.220000
66032.230000
469672.790000
688240.920000
703183.880000
997308.550000
718114.780000
765478.900000
784126.530000
603924.580000
1294568.080000
437928.370000
686084.680000
548687.020000
1187393.650000
1200534.290000
1173252.090000
832915.620000
1132819.420000
1059173.640000
75367.430000
3724.870000
360119.090000
192110.270000
101350.900000
199744.830000
1020212.070000
830406.430000
1079447.580000
810588.990000
1218503.160000
684116.480000
1207687.720000
908023.450000
271829.490000
236047.950000
546026.920000
988238.770000
1138099.120000
1245098.020000
314293.990000
198481.090000
1194620.070000
83194.380000
915580.050000
137798.840000
1201722.400000
498748.820000
359761.020000
660996.620000
654849.040000
308218.340000
1135697.700000
358785.860000
649991.230000
23991.820000
38118.820000
1243953.080000
1213914.760000
982471.800000
1117293.320000
584384.670000
1134771.600000
806589.680000
150332.460000
89374.120000
648662.900000
782865.260000
772083.090000
1071229.580000
354599.070000
487462.700000
60945.230000
879661.820000
69431.650000
657113.010000
93893.120000
971232.000000
61732.970000
1098673.960000
202305.150000
543384.000000
726057.080000
45862.560000
704639.860000
769817.090000
937266.210000
651394.130000
213290.640000
711166.720000
70328.250000
668081.150000
224775.320000
903362.240000
1048117.020000
572600.200000
212114.880000
920437.720000
931389.380000
844930.120000
553135.480000
1061994.830000
719694.350000
26290.100000
327559.270000
1046706.670000
713652.990000
76941.810000
863159.260000
543209.190000
822593.650000
1127238.380000
888154.900000
849532.230000
1070898.120000
821509.770000
657825.910000
294437.490000
228432.200000
320177.060000
558164.790000
325548.910000
391612.580000
1169662.480000
69627.010000
522432.830000
727705.680000
850404.840000
961028.910000
676925.440000
881731.100000
416587.510000
186125.030000
783135.270000
54151.680000
965505.740000
1085271.960000
1224362.710000
643264.380000
284170.800000
28331.070000
63879.720000
848946.420000
1165942.660000
1151643.110000
132217.250000
916756.460000
54364.730000
11629.100000
863461.100000
12322.570000
383916.180000
1049296.530000
840456.400000
753884.010000
568330.590000
861500.850000
1096928.680000
428641.650000
684778.460000
1271077.830000
435053.000000
978513.900000
886363.790000
1049183.110000
808886.930000
951411.270000
408119.320000
962249.360000
849269.520000
495942.390000
26094.000000
167013.530000
60322.630000
908707.290000
350121.760000
711376.130000
729438.230000
486046.470000
511077.910000
808793.320000
968924.020000
1191998.560000
114711.360000
1151656.360000
1156856.460000
498905.280000
439738.890000
878563.000000
653621.330000
458660.160000
827728.770000
573918.170000
114297.090000
1197266.740000
269354.860000
403032.870000
364888.040000
769639.640000
944135.200000
483418.290000
233600.980000
824554.190000
264707.100000
418736.920000
471033.540000
222633.110000
96135.510000
1027188.240000
678671.940000
1164609.250000
376650.300000
926006.030000
184838.790000
494211.940000
71502.510000
848079.320000
827953.680000
1108102.250000
1216553.490000
74463.730000
142509.600000
268069.160000
358606.920000
1039853.810000
167571.410000
815764.450000
949377.960000
73148.540000
529988.880000
329535.180000
552609.890000
19564.120000
615932.060000
566016.000000
1162639.860000
409847.820000
298142.210000
302251.570000
632856.210000
542825.650000
1155377.430000
332262.000000
117458.720000
933330.630000
913201.750000
1167215.770000
1206569.960000
125218.580000
1009311.700000
868452.170000
127749.140000
1037754.340000
1040333.320000
1140444.580000
846607.360000
583771.160000
830968.640000
751973.230000
1152358.120000
1112789.260000
1186316.620000
918641.270000
679702.100000
732619.430000
254994.430000
761689.850000
1258492.820000
193566.670000
1175436.450000
802089.940000
57294.200000
323346.890000
945871.310000
715847.290000
1037097.050000
450645.600000
919551.180000
933986.860000
1251671.410000
365120.670000
45830.600000
846170.030000
569515.520000
770909.910000
288428.880000
826595.920000
1130121.420000
539448.100000
676817.240000
163954.420000
21173.990000
1219778.950000
125396.260000
545568.350000
740159.210000
923119.010000
745855.820000
592455.510000
103897.680000
682295.570000
1236549.890000
323656.120000
1008933.610000
705765.530000
328065.750000
84720.350000
1116946.450000
165864.640000
286017.330000
215070.190000
866199.430000
532892.590000
685128.120000
1083499.600000
1219130.290000
739883.160000
291851.570000
406367.630000
579550.550000
202565.700000
4313.420000
1205125.900000
532819.980000
391312.750000
798259.290000
469922.850000
127528.370000
666288.090000
771999.630000
658483.240000
756210.700000
518774.090000
1205293.340000
992205.680000
692962.780000
994060.390000
146965.970000
1190351.690000
712993.160000
607570.080000
120930.930000
152238.340000
1106377.110000
16648.610000
1150433.570000
345022.730000
811259.620000
933607.330000
126927.660000
312973.980000
859098.440000
443905.940000
585169.330000
989051.850000
156004.030000
878696.380000
1154745.970000
750383.190000
1137375.970000
1166105.940000
1245140.840000
943369.850000
95654.450000
135928.200000
851823.350000
589852.510000
298884.330000
575911.870000
50744.330000
390083.650000
762494.590000
616148.540000
1193693.270000
755500.900000
49120.200000
1047053.630000
989556.570000
1249338.440000
966197.200000
467207.330000
658276.090000
764821.890000
507817.370000
1125024.460000
1108317.520000
19563.060000
507742.320000
1166137.020000
3631.790000
832425.510000
159612.250000
590667.360000
808346.450000
99165.450000
1214615.630000
1231113.300000
1108541.100000
590514.570000
1101389.050000
423459.360000
228354.980000
1180689.030000
1041694.080000
1063660.790000
1235239.640000
25804.790000
489545.390000
465360.160000
752628.090000
391609.980000
215122.100000
494746.680000
1217074.410000
685620.560000
1256633.830000
1139056.350000
50371.490000
224670.080000
973490.780000
308199.590000
397747.940000
1060753.100000
729074.970000
1203013.340000
684450.470000
418664.070000
1185924.920000
583295.650000
144969.500000
375732.230000
1194298.690000
326988.140000
437083.110000
562852.560000
623536.740000
1167764.760000
962092.840000
323983.680000
666027.640000
818584.260000
1242701.450000
902152.260000
749216.420000
311643.940000
905584.420000
428145.600000
563980.960000
573579.940000
146115.540000
1128743.500000
243727.970000
876579.710000
475575.660000
564482.490000
37472.010000
598214.210000
1101746.710000
602701.530000
552675.240000
1226296.070000
882214.330000
534401.420000
453821.440000
449633.740000
1135664.510000
360882.760000
177476.230000
743990.890000
569066.350000
1262675.570000
1246458.310000
888.490000
453290.530000
534888.240000
673344.240000
287356.290000
538527.050000
935194.050000
553726.200000
1146813.300000
963222.310000
473485.010000
799925.410000
489565.530000
170866.530000
890371.720000
274456.620000
38118.670000
4011.780000
1085368.170000
863968.960000
1212994.220000
351964.130000
75866.970000
184934.800000
829901.070000
303629.950000
636427.380000
156984.210000
230886.950000
544333.730000
289889.480000
295184.560000
506088.020000
484836.790000
711251.230000
13997.300000
932570.250000
885802.090000
158416.240000
702138.670000
478127.650000
835556.130000
1087878.460000
400152.790000
710880.470000
513912.710000
734769.330000
1051503.730000
940766.200000
1117831.970000
113535.800000
310041.600000
1084960.530000
747192.650000
472262.740000
63480.720000
288894.000000
781417.130000
811530.600000
1136288.000000
714381.980000
725898.710000
524243.830000
918858.310000
476975.280000
980888.170000
690327.920000
996943.050000
218574.380000
301132.840000
915935.450000
925703.240000
233885.000000
988481.790000
692789.900000
448194.860000
238039.150000
252091.020000
974347.630000
796521.290000
954690.960000
380050.880000
1058428.510000
682872.150000
1020391.460000
944954.640000
394166.300000
1119674.650000
368023.260000
968934.730000
1056539.490000
279267.760000
925064.670000
181681.480000
1108927.870000
33371.830000
409102.300000
695456.710000
580369.250000
414029.180000
404141.710000
193216.170000
862686.950000
1119895.320000
422703.720000
514084.230000
525493.260000
656004.570000
365096.960000
1100080.310000
785906.210000
273175.200000
1102846.160000
315058.850000
470284.120000
1131037.510000
94262.060000
751348.290000
570562.920000
817805.740000
1156247.660000
218463.850000
188501.320000
993773.750000
416644.990000
894918.620000
1089759.200000
743495.720000
1203040.650000
287727.390000
284175.550000
1015401.710000
465875.130000
298206.260000
852065.050000
362251.820000
814265.200000
1118700.100000
612443.870000
412148.470000
38122.340000
1047190.040000
710378.640000
540764.670000
377504.730000
237054.470000
1168300.660000
1130969.050000
179656.740000
663430.190000
192122.160000
1239559.870000
757337.990000
1146957.150000
785130.920000
260438.500000
358980.310000
631534.690000
439956.200000
1162992.580000
894859.710000
557913.510000
313473.610000
313468.270000
914460.800000
861953.940000
616340.740000
1260243.980000
1155774.330000
945295.960000
485463.340000
877178.760000
642869.720000
1221344.460000
570846.810000
913602.980000
167997.250000
210736.900000
529907.140000
384737.950000
888766.180000
795690.630000
605276.880000
616593.540000
840067.540000
378757.830000
1113640.550000
1067641.410000
436910.320000
1048763.500000
36515.070000
60335.120000
964750.420000
1047941.730000
795190.480000
726812.670000
563712.690000
841757.690000
683214.220000
14740.970000
900687.550000
973360.830000
392294.110000
700988.070000
510652.080000
848587.930000
58673.500000
1077720.700000
1300220.900000
1172267.250000
47995.630000
477115.110000
329424.380000
622277.710000
1246980.770000
232088.740000
1119195.610000
33049.170000
634443.560000
304073.610000
672639.520000
764343.710000
576287.190000
751055.580000
1054304.790000
1159130.650000
460108.120000
1132007.060000
348167.720000
1116303.940000
1129817.700000
383540.130000
599977.760000
1029725.180000
691393.250000
272448.530000
602486.850000
979074.260000
69623.030000
1197216.670000
426155.960000
539504.620000
724251.680000
466307.970000
112995.540000
751384.410000
186496.830000
1042679.030000
1055490.180000
40350.800000
959477.930000
390229.290000
240743.700000
1160661.290000
181040.870000
1028408.920000
315060.590000
942076.160000
510475.380000
472.940000
944819.700000
1167689.310000
980796.510000
1085182.790000
1163603.320000
816985.570000
918060.930000
721636.950000
582303.500000
704924.320000
298232.490000
877962.040000
497493.570000
814860.060000
377872.800000
371851.930000
51354.690000
1046791.140000
1171331.660000
859053.960000
664886.340000
269089.160000
218889.180000
331539.010000
601182.310000
723433.860000
282658.090000
965694.700000
49209.090000
481541.420000
1226365.670000
500578.940000
422020.580000
233972.650000
1050911.120000
563305.450000
1044340.600000
887846.430000
484229.310000
119294.440000
1034725.950000
1122587.840000
1153403.940000
639323.890000
182914.070000
517928.280000
539781.900000
545564.330000
306293.140000
434988.520000
1134937.010000
16816.050000
1063822.910000
22696.230000
565235.760000
46975.980000
1024571.480000
397536.890000
12484.260000
1133004.830000
124717.240000
345561.820000
183386.240000
613796.110000
756319.370000
711768.710000
201278.740000
257491.600000
10923.240000
1186616.970000
268982.040000
601536.030000
1016840.630000
1153373.260000
773552.200000
972091.900000
266478.030000
31434.690000
778753.400000
1211524.610000
228947.110000
731909.350000
339880.340000
389806.620000
591875.700000
1255373.460000
556152.900000
1187048.820000
11742.550000
258344.400000
704595.200000
1070278.650000
594038.400000
495167.600000
808542.420000
94543.670000
213171.250000
801843.270000
570264.070000
564522.990000
809479.790000
377616.190000
1127102.180000
149599.300000
1062413.560000
933900.960000
300743.840000
1225599.980000
223068.470000
845635.660000
2754.180000
603449.590000
778010.610000
1211650.760000
1059982.600000
897616.710000
366028.370000
260115.280000
492218.320000
625796.700000
1212648.710000
995790.330000
79571.360000
339278.060000
212764.140000
1118044.250000
48537.510000
1164474.180000
255735.970000
886820.250000
1233857.220000
188793.810000
975904.900000
649396.380000
1228457.750000
50711.710000
1118271.560000
457153.480000
116881.020000
88265.790000
774492.880000
1194332.180000
509408.800000
591264.590000
264640.550000
401591.580000
699748.620000
838431.300000
1031283.860000
615797.630000
872349.030000
980547.420000
114765.500000
723767.050000
991221.040000
200943.380000
136778.570000
793530.560000
142355.550000
1068695.400000
776530.400000
242410.980000
1011405.990000
37802.530000
763424.770000
679230.550000
183309.790000
962473.800000
879730.670000
55530.710000
1194679.080000
491027.520000
961760.520000
618186.100000
357039.150000
9351.800000
648126.840000
180848.180000
1172608.480000
716215.930000
991343.200000
490277.890000
718414.170000
270094.190000
990465.130000
1039967.430000
796644.190000
1057844.200000
666497.580000
239949.820000
455691.980000
835398.930000
409441.320000
695189.800000
559387.700000
24942.060000
37997.700000
7110.450000
321549.080000
1133017.160000
765133.240000
1073048.410000
837134.780000
146084.660000
893805.330000
1238418.900000
659692.400000
1071397.910000
1078768.800000
783328.620000
236252.990000
803267.720000
436131.830000
1046408.740000
385535.740000
378050.450000
578700.040000
936665.730000
562246.030000
309613.000000
96178.160000
858540.910000
803836.590000
1063238.700000
1006779.390000
1247581.730000
564313.490000
640458.340000
1175488.400000
1101023.860000
1184686.630000
718354.120000
697166.770000
567146.560000
1136106.390000
548052.370000
924290.660000
776479.290000
353014.830000
409997.420000
828538.220000
704338.880000
314450.330000
167687.070000
590865.370000
573506.560000
512864.910000
211640.060000
889430.030000
971142.290000
373461.780000
425270.020000
343634.350000
357276.830000
1120415.140000
843974.810000
628578.090000
1110549.480000
115804.880000
977100.410000
357867.070000
356105.020000
931764.250000
320435.550000
999560.610000
1195714.940000
716302.040000
34965.570000
1132838.110000
800138.870000
210087.790000
475377.680000
1172874.250000
1073047.170000
135719.730000
1059104.260000
364175.090000
1059095.900000
340917.390000
15228.500000
35057.450000
1198258.850000
1205222.970000
881823.530000
128438.780000
654028.880000
990120.300000
225772.370000
698966.600000
943683.590000
763423.650000
979186.980000
893790.210000
229477.730000
728783.330000
982681.500000
92200.070000
301462.430000
166051.030000
233355.290000
203625.010000
1016051.880000
687174.610000
213025.080000
50553.050000
194532.600000
587375.950000
800471.700000
124472.600000
220911.130000
181635.070000
842781.480000
252718.430000
621649.250000
973679.850000
155868.490000
505500.400000
1019514.940000
612072.750000
688782.570000
871013.970000
145147.760000
710064.550000
355196.220000
1200298.860000
294662.740000
223219.250000
635967.110000
436779.300000
1115694.130000
1086826.690000
172603.500000
689108.530000
773799.010000
65706.630000
334851.870000
667035.850000
1046208.780000
5856.170000
677755.800000
46263.820000
469427.770000
524859.680000
1101014.350000
543581.870000
378246.310000
4420.850000
752068.950000
487349.400000
302376.330000
72164.880000
33035.150000
369613.650000
817321.150000
840417.770000
305131.500000
180764.630000
290857.630000
1112185.660000
387809.220000
278172.960000
577485.200000
392862.500000
460752.820000
53864.740000
391977.440000
846124.510000
817714.290000
505742.260000
406921.770000
93018.450000
382054.180000
727827.560000
1075837.790000
1109216.650000
753159.190000
149808.200000
414224.700000
53297.310000
23875.780000
536039.620000
260275.460000
599943.880000
595731.230000
159193.300000
945132.350000
695683.720000
1210783.890000
610422.260000
906380.640000
996894.220000
750510.190000
359612.660000
849695.240000
611270.350000
1009950.210000
1217464.520000
590254.100000
795795.780000
215703.580000
850209.330000
554391.530000
1017352.230000
880967.050000
1118318.740000
1132791.730000
919571.450000
622516.620000
315856.640000
731150.360000
374598.360000
518531.310000
6434.010000
115144.150000
793037.340000
710859.290000
355727.320000
662043.830000
109353.300000
280532.090000
1161795.280000
14383.740000
393003.940000
1235179.870000
442085.420000
938971.080000
1187288.330000
438191.210000
146931.020000
391252.190000
667318.550000
954542.140000
1069539.030000
612501.320000
115385.300000
982939.400000
891336.790000
269578.370000
989473.960000
988216.510000
281215.850000
40221.010000
669776.310000
492199.300000
782957.260000
974776.950000
922641.590000
331339.410000
235632.380000
146907.370000
513845.300000
722127.740000
903485.310000
55491.250000
398097.010000
196971.160000
682873.630000
266959.390000
1165510.410000
168928.310000
934338.350000
1152629.620000
143892.490000
566594.020000
65129.180000
1228351.570000
605817.010000
514653.800000
264134.980000
1030534.180000
46413.230000
667160.910000
30742.150000
1170862.330000
508457.450000
704107.440000
892071.680000
247179.520000
194934.910000
301449.200000
617591.030000
1225425.010000
648200.790000
419082.940000
143889.630000
1199514.420000
91310.690000
1230675.810000
418774.870000
139344.330000
988667.300000
681533.470000
145949.670000
947538.600000
311313.040000
1185152.670000
763020.590000
1265001.170000
590915.750000
152383.480000
983489.260000
1200603.180000
