4 963369
1 38683
3 912219
6 233332
4 4950594
3 59895
2 69696
2 365563
2 352253
3 795597
3 348843
0 69996
102 2936886392
12 499404994
3 651156
5 4424244
2 363363
11 1896666981
15 1673333761
11 52788725
1 9339
4 736637
5 16699661
3 4774
2 596695
3 65856
4 493394
3 736637
3 688886
1 69096
3 734437
1 31813
3 958859
1 97479
1 76667
1 96669
2 396693
1 57875
3 510015
2 24442
12 52788725
2 236632
53 919969919
2 489984
6 8934398
3 950059
4 1796971
9 232585232
5 2774772
2 575575
4 6820286
1 66266
1 11611
5 18855881
2 178871
0 9779
2 573375
5 8702078
2 396693
1 38483
45 1596886951
6 8958598
3 1234321
1 9449
195 3522992253
3 397793
3 799997
2 138831
1 77277
1 87478
7 89377398
1 84248
1 99099
2 237732
4 3520253
6 2322232
196 3522992253
9 14877841
11 2334444332
84 3302662033
2 78287
3 976679
3 5115
3 295592
24 660363066
3 695596
2 126621
1 91219
3 475574
11 2334444332
3 232232
5 4754574
6 11377311
2 36663
3 493394
5 4522254
12 927787729
6 11111111
83 3302662033
2 999999
